       1393.437          12.904 
       1397.633          12.801 
       1397.157          13.253 
       1397.727          13.218 
       1394.874          12.223 
       1395.058          12.166 
       1394.309          10.995 
       1392.842          17.032 
       1433.845          15.036 
       1434.866          16.625 
       1434.610          14.901 
       1434.180          12.895 
       1433.403          14.440 
       1432.288          13.145 
       1434.476         -15.031 
       1435.541          16.651 
       1435.441         -16.474 
       1435.191          16.740 
       1434.962          17.140 
       1434.858          14.784 
       1434.720          16.178 
       1433.173          13.695 
       1433.721         -15.101 
       1435.398          15.074 
       1431.837          14.087 
       1434.132         -15.617 
       1433.646          14.742 
       1433.621         -16.605 
       1428.241          17.021 
       1428.564          16.048 
       1432.098          17.172 
       1430.314         -15.835 
       1431.005          15.569 
   -7499873.439      189469.819 
-2050320240.333 2326183174923.453 
 -127311665.410 -489437824971.824 
