-617.380	42.440
-614.705	41.240
-612.031	40.520
-609.357	41.060
-606.685	41.480
-604.013	41.540
-601.342	41.120
-598.672	41.720
-596.003	42.500
-593.335	41.840
-590.668	43.220
-588.001	42.620
-585.336	43.100
-582.671	43.280
-580.007	43.820
-577.344	43.760
-574.682	43.940
-572.021	43.460
-569.360	42.980
-566.701	43.340
-564.042	44.720
-561.384	43.940
-558.727	43.940
-556.071	44.660
-553.416	45.260
-550.761	45.080
-548.108	44.180
-545.455	45.020
-542.804	45.440
-540.153	45.260
-537.503	44.720
-534.853	45.620
-532.205	46.880
-529.558	45.980
-526.911	46.220
-524.265	47.720
-521.620	48.200
-518.976	47.420
-516.333	49.280
-513.691	48.020
-511.049	49.160
-508.409	48.320
-505.769	50.180
-503.130	48.920
-500.492	50.660
-497.855	50.060
-495.218	50.000
-492.583	51.800
-489.948	51.440
-487.314	52.100
-484.681	51.860
-482.049	53.420
-479.418	52.760
-476.788	52.460
-474.158	52.520
-471.529	53.120
-468.901	53.780
-466.274	54.260
-463.648	53.060
-461.023	54.440
-458.399	55.520
-455.775	55.580
-453.152	54.140
-450.530	54.380
-447.909	54.500
-445.289	54.680
-442.670	54.860
-440.051	54.620
-437.433	54.320
-434.816	54.080
-432.200	53.960
-429.585	54.020
-426.971	54.800
-424.358	53.360
-421.745	53.840
-419.133	53.000
-416.522	53.300
-413.912	53.480
-411.303	53.420
-408.694	54.200
-406.087	53.660
-403.480	53.840
-400.874	52.460
-398.269	52.880
-395.665	52.220
-393.061	52.460
-390.459	51.380
-387.857	52.340
-385.256	52.220
-382.656	50.660
-380.057	50.660
-377.458	50.540
-374.861	49.640
-372.264	50.900
-369.668	49.940
-367.073	50.180
-364.479	50.300
-361.885	49.340
-359.293	50.000
-356.701	48.920
-354.110	48.680
-351.520	49.400
-348.931	49.220
-346.343	48.140
-343.755	48.860
-341.168	47.360
-338.582	47.600
-335.997	48.500
-333.413	47.900
-330.829	47.480
-328.247	46.340
-325.665	46.820
-323.084	46.520
-320.504	45.860
-317.925	45.020
-315.346	45.800
-312.769	46.280
-310.192	45.440
-307.616	45.500
-305.040	46.220
-302.466	46.340
-299.893	44.900
-297.320	45.320
-294.748	45.920
-292.177	44.360
-289.607	44.720
-287.037	44.180
-284.469	45.140
-281.901	44.180
-279.334	44.840
-276.768	43.940
-274.202	45.260
-271.638	44.900
-269.074	44.840
-266.511	45.020
-263.949	43.400
-261.388	44.180
-258.827	43.760
-256.268	42.620
-253.709	44.300
-251.151	42.740
-248.594	43.700
-246.038	43.760
-243.482	42.980
-240.927	42.860
-238.373	42.080
-235.820	42.020
-233.268	41.960
-230.717	41.120
-228.166	40.640
-225.616	40.400
-223.067	39.800
-220.519	38.480
-217.971	38.300
-215.425	37.700
-212.879	37.280
-210.334	37.040
-207.790	36.620
-205.246	35.660
-202.704	35.840
-200.162	35.300
-197.621	34.880
-195.081	34.100
-192.542	34.280
-190.003	33.920
-187.465	33.920
-184.928	33.800
-182.392	33.980
-179.857	33.440
-177.322	33.620
-174.789	33.680
-172.256	33.500
-169.724	33.320
-167.192	33.680
-164.662	33.320
-162.132	33.680
-159.603	33.140
-157.075	33.380
-154.548	33.440
-152.022	33.380
-149.496	33.080
-146.971	33.620
-144.447	33.320
-141.924	32.960
-139.401	33.140
-136.879	33.380
-134.358	33.260
-131.838	33.260
-129.319	33.320
-126.801	33.500
-124.283	33.440
-121.766	33.560
-119.250	33.320
-116.734	33.380
-114.220	33.500
-111.706	33.320
-109.193	33.560
-106.681	33.140
-104.170	33.320
-101.659	33.620
-99.149	33.680
-96.640	33.500
-94.132	33.440
-91.625	33.500
-89.118	33.380
-86.612	33.440
-84.107	33.920
-81.603	33.860
-79.100	33.740
-76.597	33.320
-74.095	33.560
-71.594	33.800
-69.094	34.100
-66.594	34.220
-64.096	34.280
-61.598	34.940
-59.101	35.300
-56.604	36.500
-54.109	38.420
-51.614	44.240
-49.120	52.400
-46.627	67.460
-44.134	87.380
-41.643	114.320
-39.152	170.900
-36.662	266.600
-34.172	401.900
-31.684	517.100
-29.196	643.460
-26.709	739.940
-24.223	840.500
-21.738	907.520
-19.253	972.380
-16.769	991.760
-14.286	999.020
-11.804	1015.340
-9.322	1039.460
-6.842	1040.960
-4.362	1030.940
-1.882	959.720
0.596	894.440
3.074	863.900
5.550	812.540
8.026	734.900
10.502	677.240
12.976	607.340
15.450	487.220
17.923	335.420
20.395	178.820
22.866	88.160
25.337	51.260
27.807	40.280
30.276	39.260
32.744	37.820
35.212	36.740
37.679	36.140
40.145	35.720
42.610	35.600
45.074	34.940
47.538	35.060
50.001	35.000
52.463	34.400
54.924	33.860
57.385	34.040
59.845	33.980
62.304	33.740
64.762	33.800
67.220	33.680
69.676	33.980
72.132	33.620
74.588	33.620
77.042	33.620
79.496	33.500
81.949	33.560
84.401	33.680
86.852	33.560
89.303	33.740
91.753	33.620
94.202	34.040
96.650	33.680
99.098	33.500
101.545	33.620
103.991	33.560
106.436	33.500
108.880	33.260
111.324	33.500
113.767	33.560
116.209	33.140
118.651	33.680
121.092	33.560
123.532	33.500
125.971	33.680
128.409	33.560
130.847	33.860
133.284	34.160
135.720	33.620
138.156	33.980
140.590	33.860
143.024	33.920
145.457	34.580
147.890	34.640
150.321	35.840
152.752	37.520
155.182	38.660
157.612	41.360
160.040	45.200
162.468	49.580
164.895	52.760
167.322	61.280
169.747	67.400
172.172	76.160
174.596	84.680
177.019	94.220
179.442	102.920
181.864	113.600
184.285	126.440
186.705	132.860
189.125	144.440
191.544	150.140
193.962	160.940
196.379	173.180
198.796	180.620
201.212	188.420
203.627	192.740
206.041	198.440
208.455	207.200
210.868	210.620
213.280	214.040
215.691	214.580
218.102	214.100
220.512	215.000
222.921	215.180
225.329	216.080
227.737	216.020
230.144	213.860
232.550	212.000
234.955	213.380
237.360	214.220
239.764	210.860
242.167	213.620
244.569	212.960
246.971	214.820
249.372	216.560
251.772	213.260
254.172	213.380
256.570	215.960
258.968	212.060
261.366	212.420
263.762	213.140
266.158	214.460
268.553	216.440
270.947	211.760
273.341	219.320
275.734	212.900
278.126	215.540
280.517	215.360
282.908	215.360
285.298	218.540
287.687	216.920
290.075	219.500
292.463	216.320
294.850	213.680
297.236	219.320
299.621	214.820
302.006	210.800
304.390	217.700
306.773	212.480
309.156	212.300
311.538	217.280
313.919	217.820
316.299	217.940
318.679	214.100
321.058	215.600
323.436	210.380
325.813	207.920
328.190	210.860
330.566	206.000
332.941	208.520
335.316	207.740
337.689	207.440
340.062	208.100
342.435	208.520
344.806	205.460
347.177	211.400
349.547	206.240
351.917	205.040
354.285	205.400
356.653	205.400
359.020	202.160
361.387	199.700
363.753	202.760
366.118	200.660
368.482	202.400
370.846	196.340
373.209	196.760
375.571	195.320
377.932	190.340
380.293	197.660
382.653	191.120
385.012	192.260
387.371	190.880
389.728	186.800
392.085	186.560
394.442	183.560
396.797	182.420
399.152	186.980
401.507	184.580
403.860	183.800
406.213	185.540
408.565	183.560
410.916	179.960
413.267	179.780
415.617	183.500
417.966	183.680
420.314	180.380
422.662	177.740
425.009	179.600
427.356	181.220
429.701	177.320
432.046	182.360
434.390	179.660
436.734	177.980
439.076	175.040
441.418	176.660
443.760	181.220
446.100	178.220
448.440	178.760
450.779	179.000
453.118	177.560
455.456	177.500
457.793	182.660
460.129	177.500
462.465	176.540
464.799	175.100
467.134	176.360
469.467	174.080
471.800	173.120
474.132	174.500
476.463	171.500
478.794	171.620
481.124	172.700
483.453	167.840
485.782	166.460
488.109	167.540
490.437	164.720
492.763	161.960
495.089	164.420
497.414	163.160
499.738	158.660
502.061	161.900
504.384	158.780
506.706	157.700
509.028	154.040
511.349	156.920
513.669	148.580
515.988	146.780
518.307	149.840
520.625	147.440
522.942	146.120
525.258	145.280
527.574	143.180
529.889	139.100
532.204	139.460
534.517	139.100
536.830	141.140
539.143	138.920
541.454	138.860
543.765	136.400
546.076	138.860
548.385	132.260
550.694	137.420
553.002	137.300
555.309	137.540
557.616	136.580
559.922	133.700
562.227	138.500
564.532	137.780
566.836	135.380
569.139	134.960
571.442	138.140
573.744	135.260
576.045	134.900
578.345	136.640
580.645	138.560
582.944	134.600
585.242	132.620
587.540	135.200
589.837	134.120
592.133	136.880
594.429	132.380
596.724	132.260
599.018	133.760
601.312	132.620
603.605	131.660
605.897	131.840
608.188	133.220
610.479	129.980
612.769	129.260
615.058	129.320
617.347	134.240
619.635	132.260
621.922	131.000
624.209	129.980
626.495	129.440
628.780	130.280
631.065	129.800
633.348	131.000
635.632	132.260
637.914	130.040
640.196	133.820
642.477	128.600
644.757	129.740
647.037	132.740
649.316	128.540
651.595	128.780
653.872	131.000
656.149	130.880
658.426	128.720
660.701	129.500
662.976	132.560
665.250	126.740
667.524	130.400
669.797	131.180
672.069	128.720
674.341	128.180
676.612	130.220
678.882	131.780
681.151	128.900
683.420	130.880
685.688	126.560
687.956	129.320
690.222	132.140
692.488	130.940
694.754	130.280
697.019	130.820
699.283	126.260
701.546	131.000
703.809	130.580
706.071	124.880
708.332	128.600
710.593	127.220
712.853	127.520
715.112	123.740
717.371	125.420
719.629	127.640
721.886	125.660
724.142	126.320
726.398	126.860
728.654	125.960
730.908	125.540
733.162	127.040
735.415	125.060
737.668	126.080
739.920	124.880
742.171	123.200
744.422	125.120
746.671	123.920
748.921	127.160
751.169	128.600
753.417	123.140
755.664	126.980
757.911	125.540
760.156	126.320
762.402	126.680
764.646	128.060
766.890	127.640
769.133	128.300
771.376	128.960
773.617	130.760
775.859	127.520
778.099	127.640
780.339	130.040
782.578	129.440
784.816	131.360
787.054	130.160
789.291	129.860
791.528	126.860
793.764	126.140
795.999	126.920
798.233	125.780
800.467	127.280
802.700	127.760
804.933	127.640
807.165	129.140
809.396	130.400
811.626	127.460
813.856	128.900
816.085	129.380
818.314	127.100
820.542	126.440
822.769	128.360
824.995	128.780
827.221	126.440
829.446	129.080
831.671	130.460
833.895	127.700
836.118	129.260
838.340	128.300
840.562	129.980
842.784	129.500
845.004	128.480
847.224	125.900
849.443	127.160
851.662	128.780
853.880	129.980
856.097	126.560
858.314	127.160
860.530	127.160
862.745	125.600
864.960	125.120
867.174	127.220
869.387	125.780
871.600	125.180
873.812	126.440
876.023	127.700
878.234	128.960
880.444	129.380
882.653	126.500
884.862	125.780
887.070	127.400
889.278	130.700
891.484	126.200
893.690	125.540
895.896	127.040
898.101	125.240
900.305	125.360
902.508	124.100
904.711	126.680
906.914	124.880
909.115	124.220
911.316	120.860
913.516	125.600
915.716	125.780
917.915	127.880
920.113	123.020
922.311	126.140
924.508	125.420
926.704	124.100
928.900	123.740
931.095	126.620
933.290	127.160
935.483	125.720
937.676	125.480
939.869	122.000
942.061	126.680
944.252	124.520
946.443	126.080
948.632	124.820
950.822	124.280
953.010	126.680
955.198	126.440
957.386	129.860
959.572	123.620
961.758	124.220
963.944	123.980
966.129	123.260
968.313	122.900
970.496	122.660
972.679	122.120
974.861	123.320
977.043	123.440
979.224	119.180
981.404	123.920
983.583	123.380
985.762	121.340
987.941	121.820
990.118	119.600
992.295	121.100
994.472	117.500
996.648	119.720
998.823	116.660
1000.997	118.940
1003.171	118.280
1005.344	119.120
1007.517	117.500
1009.689	119.660
1011.860	118.760
1014.031	117.320
1016.201	118.280
1018.370	120.860
1020.539	119.180
1022.707	119.240
1024.875	119.420
1027.041	117.620
1029.208	120.500
1031.373	120.320
1033.538	115.940
1035.702	120.200
1037.866	118.400
1040.029	117.920
1042.192	116.960
1044.353	118.940
1046.514	115.820
1048.675	118.160
1050.835	122.540
1052.994	120.380
1055.153	119.900
1057.311	117.080
1059.468	118.400
1061.625	121.160
1063.781	122.540
1065.936	120.740
1068.091	123.140
1070.245	118.880
1072.399	118.640
1074.552	120.740
1076.704	118.160
1078.856	123.080
1081.007	120.320
1083.157	122.600
1085.307	119.300
1087.456	121.640
1089.605	121.940
1091.753	122.000
1093.900	119.600
1096.046	125.540
1098.192	123.260
1100.338	120.500
1102.483	122.180
1104.627	125.780
1106.770	122.180
1108.913	122.540
1111.056	126.620
1113.197	125.180
1115.338	126.560
1117.479	123.380
1119.618	125.480
1121.758	123.920
1123.896	123.440
1126.034	124.400
1128.171	127.580
1130.308	126.260
1132.444	127.640
1134.579	125.960
1136.714	124.940
1138.848	124.700
1140.982	125.120
1143.115	127.100
1145.247	126.200
1147.379	127.100
1149.510	130.280
1151.640	125.300
1153.770	125.480
1155.899	126.680
1158.028	127.040
1160.156	125.840
1162.283	123.440
1164.410	126.140
1166.536	126.740
1168.662	126.020
1170.787	123.980
1172.911	124.700
1175.034	120.800
1177.158	123.500
1179.280	123.980
1181.402	123.140
1183.523	124.760
1185.644	123.080
1187.763	120.620
1189.883	121.280
1192.002	121.280
1194.120	119.720
1196.237	124.280
1198.354	123.860
1200.470	121.820
1202.586	119.840
1204.701	119.840
1206.815	119.000
1208.929	121.880
1211.042	118.760
1213.155	118.400
1215.267	117.380
1217.378	122.180
1219.489	118.760
1221.599	119.540
1223.709	119.960
1225.818	120.800
1227.926	118.640
1230.034	121.580
1232.141	118.400
1234.247	116.960
1236.353	118.460
1238.459	119.840
1240.563	119.420
1242.667	119.600
1244.771	121.280
1246.874	122.480
1248.976	120.140
1251.078	120.860
1253.179	121.880
1255.279	120.320
1257.379	121.340
1259.478	121.160
1261.577	124.580
1263.675	120.080
1265.772	125.060
1267.869	121.100
1269.965	123.680
1272.060	122.360
1274.155	120.440
1276.250	124.100
1278.344	122.000
1280.437	121.160
1282.529	121.280
1284.621	123.020
1286.713	121.760
1288.803	121.700
1290.893	123.080
1292.983	120.980
1295.072	119.720
1297.160	119.420
1299.248	118.220
1301.335	120.140
1303.422	118.280
1305.508	116.240
1307.593	115.400
1309.678	113.780
1311.762	118.340
1313.845	115.160
1315.928	116.060
1318.011	116.240
1320.092	115.160
1322.174	115.340
1324.254	114.140
1326.334	115.040
1328.413	113.600
1330.492	110.780
1332.570	113.900
1334.648	114.800
1336.725	113.660
1338.801	113.420
1340.877	114.020
1342.952	110.060
1345.027	112.940
1347.101	112.040
1349.174	114.380
1351.247	110.780
1353.319	112.160
1355.391	109.940
1357.462	111.320
1359.532	110.840
1361.602	112.880
1363.671	114.980
1365.740	112.220
1367.808	110.840
1369.875	113.960
1371.942	114.500
1374.008	113.120
1376.074	114.620
1378.139	115.160
1380.204	115.880
1382.268	117.440
1384.331	116.960
1386.394	117.380
1388.456	117.920
1390.517	119.360
1392.578	121.400
1394.639	120.440
1396.698	119.480
1398.758	120.680
1400.816	126.440
1402.874	126.980
1404.932	131.540
1406.988	133.940
1409.045	134.480
1411.100	137.840
1413.155	143.720
1415.210	145.280
1417.264	146.600
1419.317	155.780
1421.370	154.760
1423.422	161.360
1425.474	159.620
1427.524	162.200
1429.575	161.600
1431.625	160.940
1433.674	161.600
1435.722	159.260
1437.771	155.600
1439.818	147.560
1441.865	145.460
1443.911	140.120
1445.957	138.860
1448.002	133.580
1450.047	129.080
1452.091	128.660
1454.134	121.700
1456.177	122.600
1458.219	122.180
1460.261	121.460
1462.302	119.780
1464.342	122.060
1466.382	120.020
1468.421	120.320
1470.460	122.180
1472.498	121.100
1474.536	117.860
1476.573	119.300
1478.609	121.280
1480.645	120.260
1482.680	120.020
1484.715	122.240
1486.749	122.120
1488.783	125.660
1490.816	127.520
1492.848	127.280
1494.880	128.960
1496.911	133.760
1498.942	132.860
1500.972	137.900
1503.001	141.080
1505.030	142.700
1507.058	143.960
1509.086	145.580
1511.113	150.620
1513.140	148.880
1515.166	153.800
1517.191	153.080
1519.216	153.920
1521.241	153.140
1523.264	150.740
1525.287	152.780
1527.310	149.240
1529.332	146.180
1531.354	145.160
1533.374	145.520
1535.395	146.120
1537.414	142.940
1539.434	139.280
1541.452	141.140
1543.470	137.000
1545.488	140.060
1547.505	138.920
1549.521	138.560
1551.537	144.320
1553.552	145.640
1555.566	142.640
1557.580	140.000
1559.594	144.620
1561.607	146.060
1563.619	148.520
1565.631	145.640
1567.642	150.620
1569.653	145.280
1571.663	147.800
1573.672	143.180
1575.681	140.720
1577.689	143.780
1579.697	134.840
1581.704	134.240
1583.711	130.220
1585.717	130.040
1587.722	122.900
1589.727	122.300
1591.732	117.860
1593.736	119.720
1595.739	114.980
1597.742	111.860
1599.744	111.320
1601.745	112.580
1603.746	110.780
1605.747	106.280
1607.746	107.480
1609.746	102.980
1611.745	102.620
1613.743	102.500
1615.740	99.680
1617.737	98.960
1619.734	98.240
1621.730	92.660
1623.725	93.620
1625.720	91.100
1627.714	87.020
1629.708	91.760
1631.701	88.460
1633.693	87.860
1635.685	85.640
1637.677	88.340
1639.668	84.740
1641.658	83.540
1643.648	81.920
1645.637	81.860
1647.626	82.700
1649.614	79.940
1651.601	81.560
1653.588	81.440
1655.575	80.660
1657.561	78.860
1659.546	78.560
1661.531	77.360
1663.515	77.960
1665.498	77.360
1667.481	77.420
1669.464	78.380
1671.446	76.160
1673.427	75.080
1675.408	75.140
1677.388	76.340
1679.368	75.080
1681.347	76.400
1683.326	75.320
1685.304	73.820
1687.282	74.840
1689.258	75.800
1691.235	74.480
1693.211	73.700
1695.186	74.060
1697.161	74.840
1699.135	74.060
1701.109	73.400
1703.082	72.860
1705.054	75.140
1707.026	73.280
1708.998	74.240
1710.969	74.120
1712.939	74.360
1714.909	74.060
1716.878	74.780
1718.847	75.020
1720.815	73.400
1722.782	72.740
1724.749	72.620
1726.716	71.420
1728.682	70.820
1730.647	71.480
1732.612	70.880
1734.576	72.560
1736.540	70.100
1738.503	69.980
1740.466	68.540
1742.428	69.620
1744.389	68.720
1746.350	70.760
1748.311	71.540
1750.271	69.860
1752.230	68.720
1754.189	69.380
1756.147	69.740
1758.105	69.380
1760.062	70.640
1762.019	68.720
1763.975	70.100
1765.930	66.560
1767.885	68.480
1769.840	68.240
1771.794	70.220
1773.747	69.140
1775.700	68.360
1777.652	69.920
1779.604	67.040
1781.555	69.680
1783.506	68.960
1785.456	69.560
1787.405	69.860
1789.354	70.280
1791.303	69.020
1793.251	68.720
1795.198	69.740
1797.145	68.720
1799.091	69.500
1801.037	68.360
1802.982	69.020
1804.927	68.480
1806.871	70.040
1808.815	69.380
1810.758	68.840
1812.700	69.380
1814.642	69.020
1816.584	66.320
1818.525	68.540
1820.465	67.040
1822.405	69.200
1824.344	67.880
1826.283	66.080
1828.221	65.960
1830.159	68.060
1832.096	67.520
1834.032	65.480
1835.968	66.920
1837.904	65.960
1839.839	65.180
1841.773	65.720
1843.707	66.260
1845.641	66.740
1847.574	65.780
1849.506	63.500
1851.438	64.100
1853.369	65.720
1855.300	64.940
1857.230	65.060
1859.160	63.740
1861.089	65.120
1863.017	64.940
1864.945	64.460
1866.873	65.420
1868.800	66.920
1870.726	63.440
1872.652	63.740
1874.577	65.120
1876.502	65.180
1878.427	64.220
1880.350	63.800
1882.274	66.320
1884.196	66.740
1886.119	66.080
1888.040	64.700
1889.961	62.780
1891.882	64.640
1893.802	65.360
1895.722	65.600
1897.641	64.640
1899.559	63.860
1901.477	66.560
1903.394	66.680
1905.311	64.880
1907.228	65.240
1909.143	64.220
1911.059	66.680
1912.974	66.020
1914.888	67.400
1916.802	66.740
1918.715	65.300
1920.627	65.600
1922.540	66.380
1924.451	65.000
1926.362	65.240
1928.273	65.120
1930.183	67.820
1932.092	65.840
1934.001	66.560
1935.910	66.320
1937.818	66.500
1939.725	68.900
1941.632	68.120
1943.538	67.760
1945.444	66.320
1947.349	67.640
1949.254	67.160
1951.159	67.940
1953.062	66.620
1954.965	66.260
1956.868	64.640
1958.770	64.880
1960.672	65.840
1962.573	64.760
1964.474	65.960
1966.374	63.800
1968.273	63.680
1970.172	63.080
1972.071	64.760
1973.969	65.240
1975.866	62.720
1977.763	64.400
1979.660	64.460
1981.556	64.580
1983.451	65.180
1985.346	63.500
1987.240	64.460
1989.134	64.640
1991.027	62.480
1992.920	64.940
1994.813	65.720
1996.704	63.380
1998.596	64.220
2000.486	64.280
2002.376	63.440
2004.266	62.240
2006.155	62.480
2008.044	60.920
2009.932	60.440
2011.820	61.460
2013.707	61.340
2015.593	58.100
2017.479	60.320
2019.365	59.240
2021.250	60.560
2023.135	59.360
2025.019	59.960
2026.902	59.120
2028.785	58.700
2030.668	57.680
2032.549	58.340
2034.431	59.420
2036.312	58.400
2038.192	57.620
2040.072	58.040
2041.952	57.020
2043.830	57.020
2045.709	56.900
2047.587	59.600
2049.464	57.680
2051.341	57.680
2053.217	56.480
2055.093	58.880
2056.968	57.560
2058.843	57.800
2060.717	56.660
2062.591	59.840
2064.464	57.920
2066.337	57.800
2068.209	58.100
2070.081	57.920
2071.952	58.040
2073.823	58.760
2075.693	57.260
2077.562	57.740
2079.432	56.480
2081.300	56.360
2083.168	57.560
2085.036	56.240
2086.903	56.360
2088.770	57.740
2090.636	57.260
2092.501	56.540
2094.367	56.720
2096.231	57.200
2098.095	56.480
2099.959	55.400
2101.822	57.140
2103.684	56.660
2105.546	57.020
2107.408	56.060
2109.269	56.420
2111.130	56.420
2112.990	55.940
2114.849	56.720
2116.708	57.320
2118.567	56.480
2120.425	57.620
2122.282	57.320
2124.139	56.540
2125.996	57.500
2127.852	56.660
2129.707	56.300
2131.562	55.280
2133.416	58.640
2135.270	56.360
2137.124	56.420
2138.977	57.140
2140.829	56.060
2142.681	56.420
2144.533	57.680
2146.384	55.100
2148.234	54.800
2150.084	56.840
2151.934	57.140
2153.783	57.080
2155.631	56.420
2157.479	55.160
2159.326	56.360
2161.173	56.780
2163.020	54.980
2164.866	57.140
2166.711	54.380
2168.556	56.060
2170.401	56.180
2172.245	55.160
2174.088	54.080
2175.931	53.300
2177.773	53.720
2179.615	52.880
2181.457	53.360
2183.298	55.220
2185.138	52.880
2186.978	54.740
2188.818	53.300
2190.657	54.560
2192.495	53.480
2194.333	52.880
2196.171	55.160
2198.008	53.240
2199.844	53.420
2201.680	53.360
2203.516	52.640
2205.351	54.440
2207.185	53.180
2209.019	52.520
2210.853	54.080
2212.686	52.820
2214.518	53.180
2216.350	53.360
2218.182	54.740
2220.013	54.140
2221.844	53.720
2223.674	52.460
2225.503	53.480
2227.332	53.960
2229.161	52.340
2230.989	52.400
2232.817	52.640
2234.644	52.460
2236.470	53.360
2238.296	53.480
2240.122	53.240
2241.947	53.660
2243.772	51.740
2245.596	52.220
2247.420	53.600
2249.243	51.860
2251.066	53.000
2252.888	51.680
2254.709	51.920
2256.531	51.320
2258.351	51.800
2260.172	51.500
2261.991	49.760
2263.811	51.380
2265.629	50.480
2267.448	51.020
2269.265	51.980
2271.083	51.620
2272.900	51.920
2274.716	50.660
2276.532	50.780
2278.347	50.300
2280.162	51.200
2281.976	50.960
2283.790	49.880
2285.604	50.060
2287.417	51.200
2289.229	50.360
2291.041	51.440
2292.852	51.620
2294.663	50.600
2296.474	50.420
2298.284	51.380
2300.093	51.440
2301.903	50.840
2303.711	51.920
2305.519	51.740
2307.327	51.200
2309.134	50.900
2310.940	50.120
2312.747	52.160
2314.552	50.000
2316.357	50.000
2318.162	50.420
2319.966	50.660
2321.770	50.780
2323.573	50.420
