-617.380	42.440
-614.705	42.440
-612.031	40.820
-609.357	40.940
-606.685	41.300
-604.013	42.140
-601.342	41.060
-598.672	41.840
-596.003	42.620
-593.335	41.000
-590.668	42.560
-588.001	42.320
-585.336	42.500
-582.671	43.700
-580.007	43.640
-577.344	43.520
-574.682	43.820
-572.021	44.180
-569.360	44.540
-566.701	44.420
-564.042	44.060
-561.384	44.420
-558.727	44.240
-556.071	43.640
-553.416	43.940
-550.761	44.360
-548.108	44.480
-545.455	44.660
-542.804	44.420
-540.153	45.020
-537.503	44.660
-534.853	45.560
-532.205	45.560
-529.558	46.220
-526.911	45.440
-524.265	47.180
-521.620	46.460
-518.976	47.420
-516.333	48.440
-513.691	47.900
-511.049	48.080
-508.409	49.460
-505.769	49.760
-503.130	50.540
-500.492	49.460
-497.855	51.020
-495.218	51.560
-492.583	52.580
-489.948	52.580
-487.314	52.580
-484.681	52.820
-482.049	54.200
-479.418	51.860
-476.788	52.460
-474.158	53.060
-471.529	52.520
-468.901	52.520
-466.274	53.660
-463.648	54.800
-461.023	54.860
-458.399	54.440
-455.775	52.880
-453.152	53.180
-450.530	53.960
-447.909	52.520
-445.289	55.460
-442.670	55.940
-440.051	53.720
-437.433	53.780
-434.816	53.900
-432.200	55.700
-429.585	53.600
-426.971	55.100
-424.358	55.640
-421.745	54.920
-419.133	54.080
-416.522	52.940
-413.912	53.300
-411.303	53.720
-408.694	54.320
-406.087	53.120
-403.480	51.800
-400.874	52.520
-398.269	52.640
-395.665	52.160
-393.061	51.560
-390.459	51.320
-387.857	52.040
-385.256	51.260
-382.656	53.300
-380.057	50.960
-377.458	50.720
-374.861	50.000
-372.264	50.720
-369.668	48.800
-367.073	49.700
-364.479	49.700
-361.885	49.520
-359.293	50.780
-356.701	48.860
-354.110	47.300
-351.520	49.880
-348.931	48.980
-346.343	48.140
-343.755	49.340
-341.168	47.540
-338.582	47.960
-335.997	47.600
-333.413	48.320
-330.829	48.320
-328.247	48.020
-325.665	46.940
-323.084	46.460
-320.504	46.520
-317.925	46.760
-315.346	45.920
-312.769	46.160
-310.192	45.800
-307.616	45.320
-305.040	45.680
-302.466	45.080
-299.893	46.520
-297.320	46.220
-294.748	44.600
-292.177	45.200
-289.607	44.600
-287.037	45.020
-284.469	45.380
-281.901	44.540
-279.334	46.400
-276.768	45.380
-274.202	44.900
-271.638	44.000
-269.074	44.420
-266.511	44.000
-263.949	44.060
-261.388	45.260
-258.827	43.400
-256.268	44.360
-253.709	42.980
-251.151	43.040
-248.594	44.540
-246.038	42.680
-243.482	42.980
-240.927	42.680
-238.373	42.920
-235.820	41.780
-233.268	42.320
-230.717	40.640
-228.166	40.220
-225.616	40.280
-223.067	39.980
-220.519	38.960
-217.971	38.900
-215.425	38.240
-212.879	37.220
-210.334	36.560
-207.790	36.320
-205.246	36.380
-202.704	35.960
-200.162	35.180
-197.621	35.000
-195.081	34.640
-192.542	34.340
-190.003	34.220
-187.465	33.620
-184.928	33.800
-182.392	33.380
-179.857	33.440
-177.322	33.620
-174.789	33.320
-172.256	33.560
-169.724	33.080
-167.192	33.200
-164.662	33.260
-162.132	33.380
-159.603	33.380
-157.075	33.080
-154.548	33.440
-152.022	33.080
-149.496	33.440
-146.971	33.500
-144.447	33.560
-141.924	33.680
-139.401	33.260
-136.879	33.740
-134.358	33.500
-131.838	33.440
-129.319	33.440
-126.801	33.560
-124.283	33.440
-121.766	33.320
-119.250	33.560
-116.734	33.320
-114.220	33.620
-111.706	33.620
-109.193	33.560
-106.681	33.740
-104.170	33.620
-101.659	33.320
-99.149	33.500
-96.640	33.740
-94.132	33.500
-91.625	33.500
-89.118	33.500
-86.612	33.500
-84.107	33.740
-81.603	33.680
-79.100	33.440
-76.597	33.620
-74.095	33.800
-71.594	33.920
-69.094	34.160
-66.594	34.100
-64.096	34.460
-61.598	34.520
-59.101	35.060
-56.604	36.080
-54.109	37.880
-51.614	42.200
-49.120	52.220
-46.627	62.900
-44.134	86.120
-41.643	117.020
-39.152	169.520
-36.662	269.060
-34.172	402.200
-31.684	519.980
-29.196	652.940
-26.709	749.060
-24.223	837.080
-21.738	894.380
-19.253	958.400
-16.769	976.580
-14.286	1020.440
-11.804	1021.700
-9.322	1035.020
-6.842	1043.180
-4.362	1018.760
-1.882	973.700
0.596	892.460
3.074	859.340
5.550	815.000
8.026	744.860
10.502	680.300
12.976	608.840
15.450	490.520
17.923	338.420
20.395	178.100
22.866	86.780
25.337	51.140
27.807	40.820
30.276	38.900
32.744	37.880
35.212	37.040
37.679	36.500
40.145	35.720
42.610	35.540
45.074	35.300
47.538	34.760
50.001	34.760
52.463	34.340
54.924	34.400
57.385	34.220
59.845	33.800
62.304	33.980
64.762	33.740
67.220	33.560
69.676	34.040
72.132	33.560
74.588	33.800
77.042	33.200
79.496	33.560
81.949	33.680
84.401	33.500
86.852	33.560
89.303	33.320
91.753	33.680
94.202	33.500
96.650	33.620
99.098	33.200
101.545	33.560
103.991	33.680
106.436	33.620
108.880	33.620
111.324	33.740
113.767	33.500
116.209	33.680
118.651	33.440
121.092	33.500
123.532	33.080
125.971	33.620
128.409	33.560
130.847	33.500
133.284	33.380
135.720	33.680
138.156	33.740
140.590	33.380
143.024	34.400
145.457	34.640
147.890	34.760
150.321	36.020
152.752	37.280
155.182	37.700
157.612	40.700
160.040	44.000
162.468	49.220
164.895	54.440
167.322	60.800
169.747	65.000
172.172	76.940
174.596	85.280
177.019	95.000
179.442	104.180
181.864	114.680
184.285	124.340
186.705	133.040
189.125	140.120
191.544	152.900
193.962	162.680
196.379	171.140
198.796	180.800
201.212	189.020
203.627	191.960
206.041	200.120
208.455	209.180
210.868	207.980
213.280	212.720
215.691	214.640
218.102	217.880
220.512	219.800
222.921	212.900
225.329	215.780
227.737	215.060
230.144	210.680
232.550	213.680
234.955	212.720
237.360	210.620
239.764	214.400
242.167	206.840
244.569	212.120
246.971	213.620
249.372	213.620
251.772	212.000
254.172	212.300
256.570	212.000
258.968	212.240
261.366	211.400
263.762	211.160
266.158	215.240
268.553	213.920
270.947	213.920
273.341	211.280
275.734	213.020
278.126	215.780
280.517	216.620
282.908	214.280
285.298	214.880
287.687	212.480
290.075	216.860
292.463	213.920
294.850	214.640
297.236	212.600
299.621	214.820
302.006	214.940
304.390	215.840
306.773	211.640
309.156	214.820
311.538	210.680
313.919	209.360
316.299	211.760
318.679	210.620
321.058	211.760
323.436	210.020
325.813	207.260
328.190	211.340
330.566	205.520
332.941	209.420
335.316	205.460
337.689	206.900
340.062	207.860
342.435	205.640
344.806	210.200
347.177	207.740
349.547	203.240
351.917	203.720
354.285	203.960
356.653	203.180
359.020	200.180
361.387	197.060
363.753	199.640
366.118	198.260
368.482	196.580
370.846	195.740
373.209	193.340
375.571	192.680
377.932	189.980
380.293	188.660
382.653	191.240
385.012	185.300
387.371	182.840
389.728	189.860
392.085	190.220
394.442	180.920
396.797	181.940
399.152	178.820
401.507	185.660
403.860	181.760
406.213	183.140
408.565	179.420
410.916	184.580
413.267	179.060
415.617	181.220
417.966	182.060
420.314	176.780
422.662	178.220
425.009	181.340
427.356	180.560
429.701	177.320
432.046	174.500
434.390	179.120
436.734	179.000
439.076	181.100
441.418	176.480
443.760	176.060
446.100	176.240
448.440	181.580
450.779	173.660
453.118	178.220
455.456	176.300
457.793	177.980
460.129	173.660
462.465	178.220
464.799	175.700
467.134	177.920
469.467	171.620
471.800	171.500
474.132	169.580
476.463	169.700
478.794	170.960
481.124	170.420
483.453	166.220
485.782	168.320
488.109	166.100
490.437	163.820
492.763	162.740
495.089	162.380
497.414	159.500
499.738	156.980
502.061	157.280
504.384	153.320
506.706	152.660
509.028	152.060
511.349	150.080
513.669	147.320
515.988	145.400
518.307	146.060
520.625	148.400
522.942	144.200
525.258	143.600
527.574	139.220
529.889	138.140
532.204	139.820
534.517	140.780
536.830	138.980
539.143	138.440
541.454	134.960
543.765	138.140
546.076	134.000
548.385	135.800
550.694	137.420
553.002	134.300
555.309	135.560
557.616	133.880
559.922	133.340
562.227	134.900
564.532	135.320
566.836	136.460
569.139	138.800
571.442	137.060
573.744	134.420
576.045	134.120
578.345	134.720
580.645	136.700
582.944	133.220
585.242	135.740
587.540	133.460
589.837	132.500
592.133	135.440
594.429	134.240
596.724	133.220
599.018	131.660
601.312	132.200
603.605	127.880
605.897	130.640
608.188	128.840
610.479	130.820
612.769	127.700
615.058	132.020
617.347	127.940
619.635	129.140
621.922	131.180
624.209	126.500
626.495	127.520
628.780	130.160
631.065	129.800
633.348	129.320
635.632	130.220
637.914	128.840
640.196	128.900
642.477	132.380
644.757	130.160
647.037	133.100
649.316	130.760
651.595	128.720
653.872	130.160
656.149	129.860
658.426	129.800
660.701	130.700
662.976	131.720
665.250	131.840
667.524	127.940
669.797	130.760
672.069	131.420
674.341	128.300
676.612	125.360
678.882	130.280
681.151	127.580
683.420	128.720
685.688	129.380
687.956	126.320
690.222	127.700
692.488	129.380
694.754	128.000
697.019	127.040
699.283	131.240
701.546	128.840
703.809	128.960
706.071	129.620
708.332	126.920
710.593	125.840
712.853	123.980
715.112	125.000
717.371	123.740
719.629	126.260
721.886	122.540
724.142	125.600
726.398	124.880
728.654	125.600
730.908	126.080
733.162	123.020
735.415	121.520
737.668	123.080
739.920	124.040
742.171	126.320
744.422	126.620
746.671	124.400
748.921	123.800
751.169	125.840
753.417	128.360
755.664	126.440
757.911	126.320
760.156	127.220
762.402	126.920
764.646	128.960
766.890	128.360
769.133	127.820
771.376	128.180
773.617	127.700
775.859	129.440
778.099	126.740
780.339	129.080
782.578	128.240
784.816	128.240
787.054	127.880
789.291	126.200
791.528	130.400
793.764	128.420
795.999	126.980
798.233	126.620
800.467	126.440
802.700	129.200
804.933	128.720
807.165	128.240
809.396	125.240
811.626	129.620
813.856	126.380
816.085	127.580
818.314	127.400
820.542	127.040
822.769	130.760
824.995	128.780
827.221	127.520
829.446	126.260
831.671	128.960
833.895	130.280
836.118	124.580
838.340	129.800
840.562	127.220
842.784	127.760
845.004	126.980
847.224	128.060
849.443	129.680
851.662	126.860
853.880	126.020
856.097	124.580
858.314	123.260
860.530	128.000
862.745	130.340
864.960	125.660
867.174	128.600
869.387	124.580
871.600	124.580
873.812	130.160
876.023	127.100
878.234	126.860
880.444	123.860
882.653	127.160
884.862	128.240
887.070	125.540
889.278	124.580
891.484	126.260
893.690	128.720
895.896	126.680
898.101	123.380
900.305	124.220
902.508	125.780
904.711	126.800
906.914	125.960
909.115	124.160
911.316	120.980
913.516	123.620
915.716	122.360
917.915	123.020
920.113	126.980
922.311	122.060
924.508	125.060
926.704	122.900
928.900	124.160
931.095	123.560
933.290	123.500
935.483	124.160
937.676	124.280
939.869	121.640
942.061	123.740
944.252	123.560
946.443	124.400
948.632	122.900
950.822	124.700
953.010	127.640
955.198	126.980
957.386	123.080
959.572	124.520
961.758	124.640
963.944	122.780
966.129	121.220
968.313	119.780
970.496	121.340
972.679	120.740
974.861	122.720
977.043	122.300
979.224	119.420
981.404	122.840
983.583	119.480
985.762	121.040
987.941	120.080
990.118	119.540
992.295	118.220
994.472	118.340
996.648	116.300
998.823	118.100
1000.997	119.720
1003.171	118.580
1005.344	119.180
1007.517	117.140
1009.689	120.320
1011.860	117.560
1014.031	119.600
1016.201	118.700
1018.370	117.620
1020.539	115.700
1022.707	116.960
1024.875	115.340
1027.041	118.460
1029.208	118.340
1031.373	118.520
1033.538	117.680
1035.702	118.340
1037.866	117.500
1040.029	119.060
1042.192	115.160
1044.353	114.200
1046.514	118.220
1048.675	116.540
1050.835	118.700
1052.994	116.960
1055.153	118.880
1057.311	118.700
1059.468	117.980
1061.625	122.000
1063.781	117.620
1065.936	119.480
1068.091	119.420
1070.245	120.860
1072.399	122.000
1074.552	119.180
1076.704	119.180
1078.856	120.020
1081.007	120.200
1083.157	119.060
1085.307	122.120
1087.456	119.120
1089.605	118.940
1091.753	120.020
1093.900	120.680
1096.046	119.960
1098.192	120.380
1100.338	118.820
1102.483	120.440
1104.627	121.820
1106.770	120.260
1108.913	124.400
1111.056	123.320
1113.197	122.360
1115.338	122.600
1117.479	120.260
1119.618	123.080
1121.758	123.500
1123.896	124.340
1126.034	125.480
1128.171	125.780
1130.308	122.120
1132.444	123.440
1134.579	123.080
1136.714	125.960
1138.848	125.180
1140.982	124.520
1143.115	123.500
1145.247	124.880
1147.379	129.260
1149.510	125.420
1151.640	124.700
1153.770	122.060
1155.899	126.500
1158.028	127.820
1160.156	124.880
1162.283	124.160
1164.410	125.840
1166.536	124.460
1168.662	122.120
1170.787	122.300
1172.911	122.840
1175.034	125.540
1177.158	125.840
1179.280	122.360
1181.402	121.100
1183.523	123.500
1185.644	120.620
1187.763	120.200
1189.883	121.040
1192.002	119.180
1194.120	123.020
1196.237	118.940
1198.354	119.420
1200.470	116.420
1202.586	118.700
1204.701	119.300
1206.815	117.380
1208.929	118.520
1211.042	117.620
1213.155	113.120
1215.267	117.680
1217.378	114.980
1219.489	117.920
1221.599	113.840
1223.709	116.780
1225.818	116.900
1227.926	116.900
1230.034	115.100
1232.141	116.960
1234.247	117.860
1236.353	116.180
1238.459	119.840
1240.563	117.260
1242.667	119.780
1244.771	119.180
1246.874	121.040
1248.976	118.040
1251.078	119.660
1253.179	119.840
1255.279	118.100
1257.379	120.560
1259.478	118.700
1261.577	122.060
1263.675	125.780
1265.772	122.420
1267.869	120.440
1269.965	122.420
1272.060	121.340
1274.155	120.380
1276.250	119.000
1278.344	121.400
1280.437	118.340
1282.529	123.200
1284.621	119.180
1286.713	117.740
1288.803	119.660
1290.893	117.500
1292.983	117.140
1295.072	118.280
1297.160	117.140
1299.248	118.340
1301.335	118.340
1303.422	117.380
1305.508	114.200
1307.593	115.940
1309.678	114.560
1311.762	114.560
1313.845	111.080
1315.928	114.560
1318.011	115.220
1320.092	111.800
1322.174	113.780
1324.254	110.360
1326.334	112.640
1328.413	112.760
1330.492	113.360
1332.570	110.840
1334.648	111.140
1336.725	111.380
1338.801	110.780
1340.877	107.180
1342.952	109.400
1345.027	109.220
1347.101	109.700
1349.174	110.780
1351.247	110.180
1353.319	110.240
1355.391	110.300
1357.462	111.200
1359.532	110.480
1361.602	109.160
1363.671	111.080
1365.740	112.340
1367.808	111.260
1369.875	110.180
1371.942	112.400
1374.008	112.760
1376.074	111.320
1378.139	116.240
1380.204	115.460
1382.268	113.420
1384.331	113.060
1386.394	113.900
1388.456	117.320
1390.517	118.220
1392.578	117.800
1394.639	116.180
1396.698	116.360
1398.758	118.340
1400.816	119.360
1402.874	118.400
1404.932	122.420
1406.988	127.520
1409.045	126.200
1411.100	129.620
1413.155	134.600
1415.210	136.400
1417.264	139.340
1419.317	143.240
1421.370	145.700
1423.422	146.780
1425.474	149.480
1427.524	153.620
1429.575	152.480
1431.625	148.760
1433.674	147.620
1435.722	149.720
1437.771	143.120
1439.818	141.020
1441.865	135.680
1443.911	134.360
1445.957	132.680
1448.002	126.620
1450.047	124.400
1452.091	122.540
1454.134	119.300
1456.177	124.340
1458.219	115.820
1460.261	120.380
1462.302	118.220
1464.342	119.780
1466.382	119.120
1468.421	115.640
1470.460	117.620
1472.498	117.920
1474.536	116.660
1476.573	118.760
1478.609	118.340
1480.645	119.420
1482.680	118.820
1484.715	119.600
1486.749	122.780
1488.783	125.420
1490.816	123.680
1492.848	126.080
1494.880	129.320
1496.911	126.440
1498.942	131.540
1500.972	132.980
1503.001	131.780
1505.030	136.280
1507.058	135.440
1509.086	140.480
1511.113	145.100
1513.140	145.160
1515.166	144.800
1517.191	142.700
1519.216	144.320
1521.241	141.980
1523.264	143.600
1525.287	141.080
1527.310	142.160
1529.332	136.940
1531.354	139.220
1533.374	134.960
1535.395	134.900
1537.414	135.200
1539.434	133.700
1541.452	129.620
1543.470	130.220
1545.488	135.080
1547.505	128.000
1549.521	129.200
1551.537	132.560
1553.552	133.880
1555.566	133.220
1557.580	134.240
1559.594	135.560
1561.607	140.480
1563.619	136.820
1565.631	137.300
1567.642	137.000
1569.653	135.080
1571.663	136.340
1573.672	136.160
1575.681	131.660
1577.689	134.060
1579.697	128.420
1581.704	126.440
1583.711	125.420
1585.717	123.980
1587.722	119.780
1589.727	121.820
1591.732	118.400
1593.736	112.760
1595.739	113.900
1597.742	108.080
1599.744	109.040
1601.745	107.240
1603.746	103.880
1605.747	105.140
1607.746	100.640
1609.746	101.660
1611.745	100.100
1613.743	97.580
1615.740	96.080
1617.737	95.240
1619.734	95.240
1621.730	93.200
1623.725	92.180
1625.720	90.980
1627.714	90.500
1629.708	88.880
1631.701	88.580
1633.693	85.880
1635.685	86.480
1637.677	86.600
1639.668	83.000
1641.658	83.840
1643.648	81.440
1645.637	79.580
1647.626	81.380
1649.614	80.180
1651.601	81.920
1653.588	79.280
1655.575	78.800
1657.561	79.160
1659.546	80.840
1661.531	78.380
1663.515	77.240
1665.498	75.620
1667.481	76.820
1669.464	77.480
1671.446	77.120
1673.427	74.660
1675.408	75.740
1677.388	74.840
1679.368	75.740
1681.347	74.120
1683.326	73.220
1685.304	75.620
1687.282	73.880
1689.258	73.160
1691.235	73.640
1693.211	72.800
1695.186	72.320
1697.161	73.220
1699.135	72.860
1701.109	73.340
1703.082	74.240
1705.054	74.600
1707.026	73.580
1708.998	74.300
1710.969	73.460
1712.939	72.440
1714.909	70.760
1716.878	71.960
1718.847	72.680
1720.815	70.820
1722.782	71.420
1724.749	72.200
1726.716	71.420
1728.682	71.960
1730.647	71.000
1732.612	72.620
1734.576	69.260
1736.540	67.820
1738.503	69.320
1740.466	69.440
1742.428	69.500
1744.389	68.900
1746.350	69.260
1748.311	68.720
1750.271	68.600
1752.230	68.720
1754.189	70.160
1756.147	68.420
1758.105	67.400
1760.062	69.380
1762.019	69.800
1763.975	68.480
1765.930	68.120
1767.885	69.620
1769.840	68.420
1771.794	67.460
1773.747	69.320
1775.700	68.180
1777.652	68.660
1779.604	68.000
1781.555	68.420
1783.506	68.360
1785.456	68.900
1787.405	68.000
1789.354	66.560
1791.303	69.200
1793.251	69.440
1795.198	70.400
1797.145	67.940
1799.091	69.320
1801.037	67.460
1802.982	66.920
1804.927	68.180
1806.871	66.980
1808.815	68.240
1810.758	66.380
1812.700	66.980
1814.642	68.240
1816.584	66.800
1818.525	66.080
1820.465	67.700
1822.405	64.280
1824.344	66.080
1826.283	66.380
1828.221	65.240
1830.159	65.120
1832.096	65.720
1834.032	65.300
1835.968	65.360
1837.904	65.180
1839.839	65.600
1841.773	64.400
1843.707	64.460
1845.641	64.280
1847.574	65.720
1849.506	62.960
1851.438	65.120
1853.369	65.000
1855.300	64.220
1857.230	66.800
1859.160	65.900
1861.089	65.180
1863.017	65.420
1864.945	64.340
1866.873	62.480
1868.800	64.340
1870.726	64.280
1872.652	64.580
1874.577	66.020
1876.502	63.200
1878.427	64.880
1880.350	64.640
1882.274	65.480
1884.196	64.160
1886.119	63.860
1888.040	65.840
1889.961	64.160
1891.882	64.700
1893.802	65.120
1895.722	62.900
1897.641	65.180
1899.559	63.920
1901.477	65.660
1903.394	64.340
1905.311	64.280
1907.228	64.520
1909.143	62.900
1911.059	65.300
1912.974	65.540
1914.888	64.820
1916.802	65.720
1918.715	65.900
1920.627	67.040
1922.540	65.240
1924.451	66.440
1926.362	66.860
1928.273	66.740
1930.183	66.560
1932.092	67.100
1934.001	66.320
1935.910	65.960
1937.818	65.060
1939.725	65.960
1941.632	67.100
1943.538	67.580
1945.444	62.780
1947.349	64.160
1949.254	62.060
1951.159	64.700
1953.062	65.360
1954.965	62.480
1956.868	64.580
1958.770	61.460
1960.672	64.880
1962.573	61.340
1964.474	60.980
1966.374	61.520
1968.273	61.400
1970.172	62.180
1972.071	62.540
1973.969	63.200
1975.866	62.420
1977.763	61.580
1979.660	61.580
1981.556	63.140
1983.451	65.120
1985.346	61.400
1987.240	61.700
1989.134	62.780
1991.027	63.320
1992.920	63.860
1994.813	62.060
1996.704	62.720
1998.596	61.760
2000.486	61.220
2002.376	62.660
2004.266	61.220
2006.155	60.740
2008.044	59.960
2009.932	58.760
2011.820	61.640
2013.707	59.480
2015.593	59.180
2017.479	59.120
2019.365	59.780
2021.250	59.840
2023.135	58.040
2025.019	57.860
2026.902	58.040
2028.785	57.800
2030.668	57.740
2032.549	57.740
2034.431	57.560
2036.312	57.620
2038.192	56.540
2040.072	57.200
2041.952	56.780
2043.830	57.860
2045.709	55.340
2047.587	55.520
2049.464	57.680
2051.341	57.320
2053.217	57.680
2055.093	58.280
2056.968	57.320
2058.843	57.380
2060.717	58.160
2062.591	56.120
2064.464	57.920
2066.337	57.440
2068.209	57.560
2070.081	58.100
2071.952	57.200
2073.823	57.320
2075.693	56.780
2077.562	57.020
2079.432	55.220
2081.300	57.440
2083.168	57.020
2085.036	57.620
2086.903	57.260
2088.770	55.280
2090.636	57.020
2092.501	56.840
2094.367	56.060
2096.231	56.060
2098.095	56.000
2099.959	56.060
2101.822	55.940
2103.684	56.180
2105.546	57.020
2107.408	54.800
2109.269	55.220
2111.130	56.960
2112.990	56.000
2114.849	57.080
2116.708	55.100
2118.567	54.020
2120.425	56.540
2122.282	56.660
2124.139	56.120
2125.996	56.360
2127.852	57.140
2129.707	54.680
2131.562	56.480
2133.416	55.160
2135.270	55.700
2137.124	55.340
2138.977	56.960
2140.829	55.100
2142.681	55.940
2144.533	57.800
2146.384	56.120
2148.234	57.200
2150.084	58.340
2151.934	56.120
2153.783	55.880
2155.631	54.800
2157.479	55.820
2159.326	57.860
2161.173	55.880
2163.020	54.560
2164.866	55.340
2166.711	56.120
2168.556	56.300
2170.401	55.700
2172.245	54.260
2174.088	54.920
2175.931	53.840
2177.773	53.420
2179.615	53.180
2181.457	53.540
2183.298	53.720
2185.138	53.300
2186.978	53.780
2188.818	53.180
2190.657	53.360
2192.495	53.480
2194.333	53.840
2196.171	53.240
2198.008	53.840
2199.844	54.320
2201.680	52.820
2203.516	53.960
2205.351	51.380
2207.185	52.340
2209.019	53.240
2210.853	53.000
2212.686	53.360
2214.518	53.720
2216.350	53.060
2218.182	52.700
2220.013	52.580
2221.844	52.880
2223.674	53.960
2225.503	52.640
2227.332	54.020
2229.161	52.820
2230.989	53.120
2232.817	53.780
2234.644	51.860
2236.470	52.160
2238.296	52.280
2240.122	53.240
2241.947	53.000
2243.772	51.680
2245.596	52.580
2247.420	51.260
2249.243	51.620
2251.066	50.480
2252.888	53.000
2254.709	51.980
2256.531	51.860
2258.351	50.060
2260.172	51.620
2261.991	50.600
2263.811	51.860
2265.629	50.900
2267.448	51.140
2269.265	50.480
2271.083	52.460
2272.900	51.860
2274.716	51.980
2276.532	51.680
2278.347	50.900
2280.162	50.300
2281.976	51.200
2283.790	51.140
2285.604	52.580
2287.417	50.840
2289.229	51.020
2291.041	51.440
2292.852	50.420
2294.663	50.420
2296.474	51.920
2298.284	51.020
2300.093	51.860
2301.903	51.440
2303.711	50.480
2305.519	49.940
2307.327	50.120
2309.134	51.560
2310.940	50.420
2312.747	50.840
2314.552	50.060
2316.357	51.260
2318.162	51.440
2319.966	49.640
2321.770	50.360
2323.573	50.900
