-617.380	42.140
-614.705	41.900
-612.031	41.360
-609.357	41.660
-606.685	40.760
-604.013	41.600
-601.342	41.780
-598.672	41.720
-596.003	40.940
-593.335	41.300
-590.668	41.180
-588.001	42.500
-585.336	43.220
-582.671	41.840
-580.007	43.100
-577.344	42.980
-574.682	42.740
-572.021	43.340
-569.360	43.580
-566.701	42.920
-564.042	43.700
-561.384	44.840
-558.727	44.480
-556.071	45.440
-553.416	45.380
-550.761	45.200
-548.108	44.420
-545.455	45.560
-542.804	44.300
-540.153	44.420
-537.503	46.340
-534.853	45.680
-532.205	45.440
-529.558	45.380
-526.911	47.180
-524.265	46.160
-521.620	47.600
-518.976	46.940
-516.333	48.260
-513.691	47.540
-511.049	49.100
-508.409	49.880
-505.769	49.640
-503.130	50.000
-500.492	50.480
-497.855	51.680
-495.218	51.380
-492.583	53.060
-489.948	52.340
-487.314	51.380
-484.681	52.280
-482.049	52.280
-479.418	52.460
-476.788	52.760
-474.158	53.960
-471.529	53.480
-468.901	54.260
-466.274	54.080
-463.648	54.440
-461.023	54.500
-458.399	54.680
-455.775	55.100
-453.152	53.900
-450.530	55.940
-447.909	54.560
-445.289	55.040
-442.670	54.440
-440.051	54.860
-437.433	54.200
-434.816	54.920
-432.200	52.640
-429.585	54.980
-426.971	53.900
-424.358	54.560
-421.745	53.960
-419.133	53.660
-416.522	53.600
-413.912	53.660
-411.303	52.640
-408.694	53.240
-406.087	52.580
-403.480	52.520
-400.874	53.960
-398.269	52.040
-395.665	52.880
-393.061	52.160
-390.459	51.920
-387.857	52.760
-385.256	51.800
-382.656	50.900
-380.057	51.080
-377.458	50.900
-374.861	50.720
-372.264	49.820
-369.668	49.520
-367.073	50.900
-364.479	50.720
-361.885	49.820
-359.293	51.380
-356.701	50.960
-354.110	49.040
-351.520	48.680
-348.931	49.100
-346.343	47.180
-343.755	47.900
-341.168	48.800
-338.582	48.560
-335.997	47.840
-333.413	47.780
-330.829	47.480
-328.247	46.940
-325.665	46.220
-323.084	47.180
-320.504	46.640
-317.925	45.500
-315.346	45.860
-312.769	46.220
-310.192	46.160
-307.616	45.680
-305.040	46.580
-302.466	45.500
-299.893	46.640
-297.320	44.840
-294.748	45.380
-292.177	45.440
-289.607	44.420
-287.037	43.220
-284.469	44.540
-281.901	44.600
-279.334	45.980
-276.768	43.820
-274.202	45.860
-271.638	44.540
-269.074	44.480
-266.511	44.960
-263.949	43.100
-261.388	43.760
-258.827	44.180
-256.268	43.220
-253.709	43.460
-251.151	42.560
-248.594	43.100
-246.038	41.660
-243.482	42.800
-240.927	42.620
-238.373	42.080
-235.820	42.500
-233.268	41.420
-230.717	41.180
-228.166	39.860
-225.616	39.920
-223.067	38.840
-220.519	38.720
-217.971	38.660
-215.425	37.580
-212.879	37.460
-210.334	37.340
-207.790	36.560
-205.246	35.600
-202.704	35.420
-200.162	35.660
-197.621	34.820
-195.081	34.700
-192.542	34.340
-190.003	34.100
-187.465	33.800
-184.928	34.160
-182.392	33.680
-179.857	33.560
-177.322	33.320
-174.789	33.620
-172.256	33.860
-169.724	33.200
-167.192	33.200
-164.662	33.500
-162.132	33.440
-159.603	33.380
-157.075	33.320
-154.548	33.320
-152.022	33.380
-149.496	33.500
-146.971	33.140
-144.447	33.380
-141.924	33.560
-139.401	33.260
-136.879	33.260
-134.358	33.140
-131.838	33.260
-129.319	33.260
-126.801	33.680
-124.283	33.200
-121.766	33.560
-119.250	33.500
-116.734	33.500
-114.220	33.560
-111.706	33.500
-109.193	33.440
-106.681	33.380
-104.170	33.440
-101.659	33.560
-99.149	33.200
-96.640	33.620
-94.132	33.440
-91.625	33.320
-89.118	33.380
-86.612	33.620
-84.107	33.440
-81.603	33.560
-79.100	33.980
-76.597	33.500
-74.095	33.620
-71.594	33.500
-69.094	33.980
-66.594	33.980
-64.096	34.340
-61.598	35.240
-59.101	35.000
-56.604	36.200
-54.109	38.240
-51.614	43.220
-49.120	50.960
-46.627	64.640
-44.134	86.240
-41.643	116.420
-39.152	171.140
-36.662	268.640
-34.172	414.920
-31.684	523.820
-29.196	649.820
-26.709	735.620
-24.223	846.860
-21.738	899.960
-19.253	958.880
-16.769	980.600
-14.286	1014.740
-11.804	1026.020
-9.322	1037.780
-6.842	1043.960
-4.362	1027.760
-1.882	973.520
0.596	894.140
3.074	855.440
5.550	803.720
8.026	740.120
10.502	671.900
12.976	602.960
15.450	481.220
17.923	337.160
20.395	181.880
22.866	87.080
25.337	51.080
27.807	39.680
30.276	39.260
32.744	37.940
35.212	36.500
37.679	36.860
40.145	35.780
42.610	35.960
45.074	35.300
47.538	34.880
50.001	34.640
52.463	33.980
54.924	34.280
57.385	34.100
59.845	34.040
62.304	33.800
64.762	33.500
67.220	33.800
69.676	33.680
72.132	33.560
74.588	33.800
77.042	33.440
79.496	33.800
81.949	33.620
84.401	33.320
86.852	33.680
89.303	33.380
91.753	33.680
94.202	33.680
96.650	33.380
99.098	33.680
101.545	33.020
103.991	33.740
106.436	33.560
108.880	33.200
111.324	33.500
113.767	33.860
116.209	33.680
118.651	33.620
121.092	33.740
123.532	33.320
125.971	33.500
128.409	33.680
130.847	33.560
133.284	33.800
135.720	33.560
138.156	33.920
140.590	33.920
143.024	34.280
145.457	34.340
147.890	34.940
150.321	35.480
152.752	38.120
155.182	38.360
157.612	40.400
160.040	44.300
162.468	50.060
164.895	55.580
167.322	60.800
169.747	66.440
172.172	76.940
174.596	83.000
177.019	93.860
179.442	103.100
181.864	114.080
184.285	120.680
186.705	135.020
189.125	141.020
191.544	150.920
193.962	161.300
196.379	167.660
198.796	179.120
201.212	185.480
203.627	193.340
206.041	203.720
208.455	206.000
210.868	205.100
213.280	210.860
215.691	217.700
218.102	215.660
220.512	213.740
222.921	216.320
225.329	215.180
227.737	216.260
230.144	214.100
232.550	215.660
234.955	217.520
237.360	214.820
239.764	216.920
242.167	215.720
244.569	212.840
246.971	213.740
249.372	215.660
251.772	210.740
254.172	215.600
256.570	213.980
258.968	208.520
261.366	213.980
263.762	211.700
266.158	211.700
268.553	213.740
270.947	216.320
273.341	215.840
275.734	216.320
278.126	219.140
280.517	213.620
282.908	215.180
285.298	217.820
287.687	211.160
290.075	220.760
292.463	217.340
294.850	213.200
297.236	216.440
299.621	213.500
302.006	217.880
304.390	221.600
306.773	214.760
309.156	210.020
311.538	212.480
313.919	211.880
316.299	215.180
318.679	216.680
321.058	211.220
323.436	207.980
325.813	212.480
328.190	207.440
330.566	212.960
332.941	209.120
335.316	209.480
337.689	211.340
340.062	206.660
342.435	208.460
344.806	202.820
347.177	210.200
349.547	205.880
351.917	206.240
354.285	205.160
356.653	202.160
359.020	202.220
361.387	200.540
363.753	202.760
366.118	198.980
368.482	201.500
370.846	198.140
373.209	195.800
375.571	196.400
377.932	193.220
380.293	190.460
382.653	195.680
385.012	191.180
387.371	186.020
389.728	188.900
392.085	186.800
394.442	185.420
396.797	184.640
399.152	188.480
401.507	181.520
403.860	182.000
406.213	187.940
408.565	181.220
410.916	184.040
413.267	183.380
415.617	182.240
417.966	181.220
420.314	182.960
422.662	180.560
425.009	178.760
427.356	183.800
429.701	183.860
432.046	180.080
434.390	181.040
436.734	179.600
439.076	179.180
441.418	180.320
443.760	179.360
446.100	177.560
448.440	179.480
450.779	179.480
453.118	179.060
455.456	179.960
457.793	178.760
460.129	179.420
462.465	178.220
464.799	176.960
467.134	178.040
469.467	179.840
471.800	178.820
474.132	172.760
476.463	171.020
478.794	172.280
481.124	169.160
483.453	168.980
485.782	169.400
488.109	165.440
490.437	166.700
492.763	163.400
495.089	161.540
497.414	161.480
499.738	158.840
502.061	157.640
504.384	155.720
506.706	156.980
509.028	150.560
511.349	155.180
513.669	148.280
515.988	148.100
518.307	148.400
520.625	146.600
522.942	148.340
525.258	142.940
527.574	143.000
529.889	140.420
532.204	140.780
534.517	140.600
536.830	140.780
539.143	139.640
541.454	136.760
543.765	138.020
546.076	135.920
548.385	139.160
550.694	137.780
553.002	136.160
555.309	138.020
557.616	137.540
559.922	134.060
562.227	134.480
564.532	134.540
566.836	139.760
569.139	135.320
571.442	135.980
573.744	138.260
576.045	136.220
578.345	138.200
580.645	139.640
582.944	136.340
585.242	134.600
587.540	132.140
589.837	135.200
592.133	138.080
594.429	134.600
596.724	129.080
599.018	135.560
601.312	132.440
603.605	135.080
605.897	131.000
608.188	134.180
610.479	132.980
612.769	131.300
615.058	129.500
617.347	128.480
619.635	129.560
621.922	129.200
624.209	130.880
626.495	132.260
628.780	131.900
631.065	131.300
633.348	129.680
635.632	131.960
637.914	129.680
640.196	135.080
642.477	131.000
644.757	129.560
647.037	131.000
649.316	129.260
651.595	135.020
653.872	130.160
656.149	132.980
658.426	129.140
660.701	131.960
662.976	130.940
665.250	130.460
667.524	129.800
669.797	131.120
672.069	131.900
674.341	131.000
676.612	130.760
678.882	131.180
681.151	131.420
683.420	130.400
685.688	129.680
687.956	129.380
690.222	130.940
692.488	125.960
694.754	131.420
697.019	132.200
699.283	126.740
701.546	128.600
703.809	128.300
706.071	125.420
708.332	124.520
710.593	126.440
712.853	124.700
715.112	126.980
717.371	126.440
719.629	127.400
721.886	124.160
724.142	127.460
726.398	128.000
728.654	127.220
730.908	126.740
733.162	128.840
735.415	125.720
737.668	124.940
739.920	127.400
742.171	126.980
744.422	124.460
746.671	127.040
748.921	126.440
751.169	124.040
753.417	125.660
755.664	128.300
757.911	126.920
760.156	125.180
762.402	128.060
764.646	126.440
766.890	127.340
769.133	128.900
771.376	128.600
773.617	128.540
775.859	127.640
778.099	127.400
780.339	129.440
782.578	128.420
784.816	131.000
787.054	130.100
789.291	128.480
791.528	127.640
793.764	127.880
795.999	130.400
798.233	127.700
800.467	129.620
802.700	129.020
804.933	130.280
807.165	130.340
809.396	128.180
811.626	129.500
813.856	127.220
816.085	131.600
818.314	129.020
820.542	129.080
822.769	130.460
824.995	130.040
827.221	129.680
829.446	127.520
831.671	130.160
833.895	126.860
836.118	127.160
838.340	128.420
840.562	126.500
842.784	129.680
845.004	127.340
847.224	129.260
849.443	129.860
851.662	129.140
853.880	126.800
856.097	129.440
858.314	128.420
860.530	127.460
862.745	127.700
864.960	129.920
867.174	127.880
869.387	130.880
871.600	126.920
873.812	127.400
876.023	125.900
878.234	127.940
880.444	128.720
882.653	127.640
884.862	127.160
887.070	127.940
889.278	129.200
891.484	126.080
893.690	130.760
895.896	128.000
898.101	125.900
900.305	123.080
902.508	126.980
904.711	126.440
906.914	123.080
909.115	126.980
911.316	124.640
913.516	127.700
915.716	125.900
917.915	124.880
920.113	123.680
922.311	124.400
924.508	126.140
926.704	124.400
928.900	121.820
931.095	126.320
933.290	125.900
935.483	128.180
937.676	125.420
939.869	122.840
942.061	127.820
944.252	125.960
946.443	128.900
948.632	124.280
950.822	123.320
953.010	122.360
955.198	123.740
957.386	128.300
959.572	125.360
961.758	128.000
963.944	123.320
966.129	122.300
968.313	122.960
970.496	125.780
972.679	122.000
974.861	124.820
977.043	120.740
979.224	126.080
981.404	122.120
983.583	122.720
985.762	122.660
987.941	120.440
990.118	119.060
992.295	123.920
994.472	119.300
996.648	120.320
998.823	118.520
1000.997	119.780
1003.171	118.340
1005.344	121.400
1007.517	118.880
1009.689	120.620
1011.860	119.660
1014.031	120.500
1016.201	119.720
1018.370	118.100
1020.539	118.400
1022.707	120.260
1024.875	116.840
1027.041	120.860
1029.208	119.960
1031.373	118.820
1033.538	115.520
1035.702	117.440
1037.866	119.960
1040.029	116.840
1042.192	118.580
1044.353	119.120
1046.514	117.080
1048.675	117.860
1050.835	119.120
1052.994	122.720
1055.153	119.660
1057.311	121.100
1059.468	120.260
1061.625	122.240
1063.781	123.140
1065.936	120.080
1068.091	124.340
1070.245	120.440
1072.399	122.060
1074.552	124.340
1076.704	123.140
1078.856	122.300
1081.007	122.540
1083.157	121.460
1085.307	122.180
1087.456	123.980
1089.605	123.140
1091.753	122.840
1093.900	123.440
1096.046	123.800
1098.192	123.260
1100.338	123.020
1102.483	124.340
1104.627	122.660
1106.770	124.580
1108.913	123.440
1111.056	123.380
1113.197	125.420
1115.338	125.540
1117.479	123.440
1119.618	125.900
1121.758	124.580
1123.896	126.020
1126.034	125.060
1128.171	125.900
1130.308	125.480
1132.444	126.680
1134.579	124.640
1136.714	125.300
1138.848	126.380
1140.982	124.880
1143.115	127.340
1145.247	124.460
1147.379	127.820
1149.510	126.080
1151.640	123.320
1153.770	125.660
1155.899	124.760
1158.028	127.760
1160.156	123.920
1162.283	125.300
1164.410	126.680
1166.536	126.860
1168.662	125.780
1170.787	124.460
1172.911	123.500
1175.034	125.720
1177.158	124.400
1179.280	122.120
1181.402	125.720
1183.523	122.240
1185.644	122.780
1187.763	124.460
1189.883	121.760
1192.002	122.600
1194.120	123.980
1196.237	122.240
1198.354	120.860
1200.470	122.000
1202.586	121.280
1204.701	119.840
1206.815	120.380
1208.929	117.800
1211.042	118.700
1213.155	119.120
1215.267	117.560
1217.378	121.220
1219.489	121.220
1221.599	115.640
1223.709	120.620
1225.818	118.760
1227.926	120.800
1230.034	118.520
1232.141	118.700
1234.247	122.180
1236.353	120.680
1238.459	120.080
1240.563	120.020
1242.667	118.280
1244.771	119.660
1246.874	121.220
1248.976	121.880
1251.078	119.420
1253.179	120.440
1255.279	122.180
1257.379	120.980
1259.478	120.140
1261.577	122.180
1263.675	121.220
1265.772	122.780
1267.869	119.960
1269.965	123.080
1272.060	124.880
1274.155	124.760
1276.250	122.720
1278.344	123.380
1280.437	122.960
1282.529	124.880
1284.621	124.940
1286.713	120.980
1288.803	124.280
1290.893	124.340
1292.983	118.400
1295.072	118.580
1297.160	121.520
1299.248	119.900
1301.335	119.120
1303.422	119.060
1305.508	117.080
1307.593	118.400
1309.678	119.120
1311.762	115.820
1313.845	117.200
1315.928	114.080
1318.011	113.960
1320.092	114.260
1322.174	114.260
1324.254	112.340
1326.334	115.760
1328.413	113.540
1330.492	113.780
1332.570	114.080
1334.648	111.980
1336.725	111.860
1338.801	113.240
1340.877	111.740
1342.952	113.960
1345.027	111.800
1347.101	110.180
1349.174	109.220
1351.247	108.440
1353.319	112.100
1355.391	112.700
1357.462	111.860
1359.532	112.040
1361.602	112.400
1363.671	111.980
1365.740	112.880
1367.808	116.300
1369.875	113.660
1371.942	115.880
1374.008	118.760
1376.074	114.320
1378.139	117.380
1380.204	117.920
1382.268	116.240
1384.331	120.560
1386.394	118.700
1388.456	120.080
1390.517	121.700
1392.578	123.260
1394.639	123.920
1396.698	127.520
1398.758	124.700
1400.816	127.640
1402.874	130.640
1404.932	131.960
1406.988	133.940
1409.045	136.580
1411.100	141.080
1413.155	145.820
1415.210	150.860
1417.264	150.800
1419.317	156.200
1421.370	158.360
1423.422	157.580
1425.474	158.420
1427.524	161.540
1429.575	155.300
1431.625	153.800
1433.674	150.620
1435.722	149.000
1437.771	145.580
1439.818	142.400
1441.865	135.260
1443.911	134.900
1445.957	127.580
1448.002	125.780
1450.047	124.580
1452.091	122.600
1454.134	122.000
1456.177	122.540
1458.219	120.980
1460.261	120.440
1462.302	122.780
1464.342	123.380
1466.382	120.620
1468.421	120.680
1470.460	125.060
1472.498	121.460
1474.536	121.460
1476.573	122.840
1478.609	120.680
1480.645	124.340
1482.680	122.720
1484.715	125.540
1486.749	126.740
1488.783	131.000
1490.816	128.120
1492.848	133.700
1494.880	132.800
1496.911	133.460
1498.942	139.100
1500.972	141.620
1503.001	141.860
1505.030	145.220
1507.058	147.380
1509.086	150.380
1511.113	151.100
1513.140	150.980
1515.166	150.680
1517.191	154.460
1519.216	155.720
1521.241	154.940
1523.264	156.920
1525.287	153.320
1527.310	152.240
1529.332	149.540
1531.354	144.020
1533.374	144.020
1535.395	148.100
1537.414	142.520
1539.434	140.780
1541.452	138.260
1543.470	135.680
1545.488	137.120
1547.505	138.500
1549.521	136.100
1551.537	138.140
1553.552	138.260
1555.566	138.380
1557.580	139.880
1559.594	146.300
1561.607	147.980
1563.619	146.360
1565.631	146.360
1567.642	147.380
1569.653	145.940
1571.663	148.820
1573.672	139.880
1575.681	139.100
1577.689	139.880
1579.697	137.240
1581.704	132.740
1583.711	131.360
1585.717	126.380
1587.722	124.580
1589.727	120.860
1591.732	117.500
1593.736	114.680
1595.739	114.680
1597.742	111.140
1599.744	111.800
1601.745	107.660
1603.746	108.200
1605.747	108.500
1607.746	105.800
1609.746	104.780
1611.745	104.180
1613.743	102.080
1615.740	97.400
1617.737	96.740
1619.734	96.380
1621.730	94.880
1623.725	90.800
1625.720	92.240
1627.714	90.200
1629.708	89.480
1631.701	87.440
1633.693	87.860
1635.685	87.500
1637.677	86.960
1639.668	86.060
1641.658	83.120
1643.648	83.240
1645.637	83.780
1647.626	83.480
1649.614	80.420
1651.601	80.600
1653.588	81.080
1655.575	79.400
1657.561	80.540
1659.546	77.480
1661.531	78.980
1663.515	77.780
1665.498	76.580
1667.481	76.880
1669.464	78.320
1671.446	75.980
1673.427	76.160
1675.408	76.640
1677.388	75.860
1679.368	77.660
1681.347	76.280
1683.326	77.120
1685.304	74.960
1687.282	74.180
1689.258	74.480
1691.235	74.180
1693.211	76.580
1695.186	74.780
1697.161	75.200
1699.135	76.280
1701.109	75.440
1703.082	75.620
1705.054	75.380
1707.026	73.520
1708.998	74.180
1710.969	74.300
1712.939	73.460
1714.909	74.000
1716.878	71.900
1718.847	72.140
1720.815	72.740
1722.782	71.360
1724.749	71.600
1726.716	71.840
1728.682	71.480
1730.647	71.360
1732.612	70.520
1734.576	69.740
1736.540	72.320
1738.503	69.440
1740.466	70.820
1742.428	68.120
1744.389	69.260
1746.350	69.980
1748.311	70.460
1750.271	70.760
1752.230	68.240
1754.189	69.080
1756.147	68.780
1758.105	68.480
1760.062	69.440
1762.019	70.280
1763.975	69.800
1765.930	70.700
1767.885	68.660
1769.840	70.520
1771.794	68.540
1773.747	70.340
1775.700	70.760
1777.652	67.040
1779.604	69.860
1781.555	70.220
1783.506	67.700
1785.456	69.740
1787.405	68.000
1789.354	68.060
1791.303	70.040
1793.251	70.340
1795.198	70.340
1797.145	70.460
1799.091	70.340
1801.037	69.860
1802.982	69.320
1804.927	69.320
1806.871	68.180
1808.815	69.560
1810.758	70.460
1812.700	67.460
1814.642	69.320
1816.584	66.440
1818.525	65.780
1820.465	67.100
1822.405	66.680
1824.344	65.960
1826.283	65.840
1828.221	68.180
1830.159	65.120
1832.096	66.560
1834.032	64.880
1835.968	66.200
1837.904	65.300
1839.839	67.520
1841.773	66.500
1843.707	66.320
1845.641	65.480
1847.574	65.300
1849.506	66.800
1851.438	67.400
1853.369	66.140
1855.300	66.140
1857.230	66.140
1859.160	64.460
1861.089	66.140
1863.017	64.940
1864.945	64.640
1866.873	65.900
1868.800	66.620
1870.726	65.420
1872.652	66.080
1874.577	66.620
1876.502	67.340
1878.427	64.220
1880.350	63.380
1882.274	65.000
1884.196	63.920
1886.119	64.220
1888.040	66.080
1889.961	64.940
1891.882	64.640
1893.802	66.320
1895.722	66.140
1897.641	65.360
1899.559	65.360
1901.477	64.520
1903.394	64.400
1905.311	65.780
1907.228	66.020
1909.143	65.900
1911.059	64.820
1912.974	62.780
1914.888	65.420
1916.802	63.920
1918.715	65.540
1920.627	65.000
1922.540	65.780
1924.451	65.300
1926.362	66.320
1928.273	66.800
1930.183	64.100
1932.092	65.780
1934.001	65.840
1935.910	67.520
1937.818	67.340
1939.725	65.180
1941.632	67.460
1943.538	67.580
1945.444	66.620
1947.349	68.000
1949.254	66.740
1951.159	65.780
1953.062	68.060
1954.965	64.220
1956.868	66.560
1958.770	64.760
1960.672	65.600
1962.573	64.100
1964.474	63.800
1966.374	63.620
1968.273	63.740
1970.172	63.620
1972.071	63.800
1973.969	64.520
1975.866	63.080
1977.763	63.680
1979.660	62.300
1981.556	63.260
1983.451	62.660
1985.346	62.840
1987.240	63.500
1989.134	62.300
1991.027	62.840
1992.920	65.780
1994.813	65.000
1996.704	61.760
1998.596	62.420
2000.486	63.260
2002.376	62.000
2004.266	63.440
2006.155	59.420
2008.044	60.500
2009.932	61.160
2011.820	62.840
2013.707	61.340
2015.593	60.260
2017.479	60.080
2019.365	59.960
2021.250	58.400
2023.135	59.300
2025.019	59.000
2026.902	57.320
2028.785	58.280
2030.668	57.440
2032.549	58.220
2034.431	58.040
2036.312	58.220
2038.192	56.480
2040.072	57.440
2041.952	57.560
2043.830	56.180
2045.709	58.040
2047.587	57.740
2049.464	58.880
2051.341	57.680
2053.217	57.080
2055.093	56.300
2056.968	58.160
2058.843	57.680
2060.717	57.020
2062.591	57.020
2064.464	58.760
2066.337	56.900
2068.209	57.920
2070.081	57.740
2071.952	56.960
2073.823	58.820
2075.693	57.260
2077.562	57.860
2079.432	59.000
2081.300	56.780
2083.168	56.840
2085.036	58.100
2086.903	56.240
2088.770	55.820
2090.636	58.100
2092.501	56.840
2094.367	56.540
2096.231	58.760
2098.095	58.520
2099.959	55.880
2101.822	57.380
2103.684	56.840
2105.546	56.600
2107.408	56.660
2109.269	56.120
2111.130	55.220
2112.990	57.740
2114.849	57.860
2116.708	56.120
2118.567	55.820
2120.425	56.060
2122.282	58.340
2124.139	58.520
2125.996	55.640
2127.852	56.720
2129.707	57.500
2131.562	55.820
2133.416	55.400
2135.270	56.480
2137.124	56.660
2138.977	56.540
2140.829	56.360
2142.681	57.260
2144.533	56.000
2146.384	56.600
2148.234	55.460
2150.084	56.000
2151.934	56.360
2153.783	55.880
2155.631	55.700
2157.479	56.420
2159.326	55.040
2161.173	56.540
2163.020	57.560
2164.866	56.480
2166.711	55.520
2168.556	55.400
2170.401	56.060
2172.245	54.320
2174.088	55.520
2175.931	54.080
2177.773	53.600
2179.615	54.860
2181.457	53.540
2183.298	54.440
2185.138	53.660
2186.978	53.660
2188.818	54.620
2190.657	53.780
2192.495	53.000
2194.333	53.900
2196.171	52.580
2198.008	53.240
2199.844	53.660
2201.680	53.060
2203.516	52.940
2205.351	52.880
2207.185	53.600
2209.019	52.220
2210.853	51.920
2212.686	54.320
2214.518	51.680
2216.350	53.600
2218.182	53.300
2220.013	52.880
2221.844	54.320
2223.674	52.400
2225.503	53.960
2227.332	54.320
2229.161	52.700
2230.989	52.220
2232.817	52.160
2234.644	53.120
2236.470	53.300
2238.296	53.180
2240.122	53.480
2241.947	53.420
2243.772	51.860
2245.596	51.860
2247.420	51.620
2249.243	52.880
2251.066	51.740
2252.888	51.800
2254.709	51.560
2256.531	51.380
2258.351	53.060
2260.172	51.200
2261.991	51.560
2263.811	52.100
2265.629	52.880
2267.448	51.140
2269.265	50.120
2271.083	51.980
2272.900	51.500
2274.716	49.880
2276.532	50.000
2278.347	50.900
2280.162	50.360
2281.976	49.940
2283.790	49.760
2285.604	49.880
2287.417	49.220
2289.229	51.680
2291.041	50.900
2292.852	51.260
2294.663	51.920
2296.474	51.860
2298.284	50.180
2300.093	51.200
2301.903	51.200
2303.711	51.260
2305.519	50.420
2307.327	51.920
2309.134	51.140
2310.940	50.960
2312.747	50.000
2314.552	51.680
2316.357	51.440
2318.162	50.420
2319.966	50.120
2321.770	49.520
2323.573	50.300
