-617.380	42.500
-614.705	40.820
-612.031	41.120
-609.357	41.120
-606.685	41.840
-604.013	41.060
-601.342	40.520
-598.672	41.840
-596.003	42.260
-593.335	42.140
-590.668	42.440
-588.001	43.400
-585.336	42.860
-582.671	42.560
-580.007	44.660
-577.344	43.040
-574.682	42.860
-572.021	43.400
-569.360	43.580
-566.701	44.660
-564.042	44.120
-561.384	43.760
-558.727	44.300
-556.071	43.880
-553.416	44.840
-550.761	44.060
-548.108	45.140
-545.455	44.600
-542.804	44.120
-540.153	44.300
-537.503	44.840
-534.853	45.740
-532.205	45.620
-529.558	47.060
-526.911	45.740
-524.265	45.980
-521.620	48.080
-518.976	47.660
-516.333	47.540
-513.691	48.740
-511.049	49.700
-508.409	48.140
-505.769	49.940
-503.130	50.420
-500.492	51.920
-497.855	50.540
-495.218	51.380
-492.583	52.700
-489.948	52.940
-487.314	51.740
-484.681	51.860
-482.049	53.600
-479.418	52.640
-476.788	53.120
-474.158	53.180
-471.529	53.840
-468.901	55.040
-466.274	53.480
-463.648	53.660
-461.023	54.200
-458.399	54.140
-455.775	54.260
-453.152	54.920
-450.530	54.500
-447.909	54.800
-445.289	54.380
-442.670	55.220
-440.051	54.380
-437.433	54.500
-434.816	54.200
-432.200	54.620
-429.585	53.900
-426.971	53.780
-424.358	53.360
-421.745	54.560
-419.133	53.720
-416.522	54.980
-413.912	52.700
-411.303	55.040
-408.694	51.740
-406.087	53.060
-403.480	53.900
-400.874	52.940
-398.269	52.640
-395.665	51.560
-393.061	53.300
-390.459	52.160
-387.857	52.580
-385.256	51.920
-382.656	52.100
-380.057	50.540
-377.458	52.460
-374.861	49.940
-372.264	51.620
-369.668	50.240
-367.073	49.760
-364.479	51.020
-361.885	50.600
-359.293	49.280
-356.701	50.060
-354.110	48.440
-351.520	49.160
-348.931	47.960
-346.343	47.480
-343.755	48.200
-341.168	48.140
-338.582	48.140
-335.997	47.720
-333.413	48.020
-330.829	47.600
-328.247	48.320
-325.665	47.180
-323.084	47.960
-320.504	45.800
-317.925	46.400
-315.346	45.620
-312.769	45.680
-310.192	45.620
-307.616	46.460
-305.040	45.860
-302.466	45.200
-299.893	46.040
-297.320	44.720
-294.748	45.260
-292.177	44.120
-289.607	44.780
-287.037	45.380
-284.469	45.440
-281.901	45.200
-279.334	44.840
-276.768	43.880
-274.202	44.240
-271.638	45.380
-269.074	44.120
-266.511	43.940
-263.949	44.360
-261.388	45.140
-258.827	43.880
-256.268	44.960
-253.709	44.420
-251.151	44.060
-248.594	43.700
-246.038	43.040
-243.482	42.200
-240.927	42.500
-238.373	41.060
-235.820	41.840
-233.268	41.420
-230.717	41.240
-228.166	40.760
-225.616	39.560
-223.067	38.900
-220.519	38.420
-217.971	38.600
-215.425	37.700
-212.879	37.520
-210.334	37.340
-207.790	35.660
-205.246	36.020
-202.704	35.900
-200.162	34.940
-197.621	35.180
-195.081	34.460
-192.542	34.520
-190.003	33.860
-187.465	34.100
-184.928	33.920
-182.392	33.620
-179.857	33.380
-177.322	33.320
-174.789	33.680
-172.256	33.380
-169.724	33.500
-167.192	33.260
-164.662	33.380
-162.132	33.800
-159.603	33.440
-157.075	33.440
-154.548	33.500
-152.022	33.500
-149.496	33.380
-146.971	33.380
-144.447	33.200
-141.924	33.260
-139.401	33.560
-136.879	33.440
-134.358	33.440
-131.838	33.320
-129.319	33.380
-126.801	33.440
-124.283	33.080
-121.766	33.380
-119.250	33.260
-116.734	33.440
-114.220	33.080
-111.706	33.440
-109.193	33.440
-106.681	33.440
-104.170	33.200
-101.659	33.620
-99.149	33.320
-96.640	33.560
-94.132	33.500
-91.625	33.320
-89.118	33.140
-86.612	33.500
-84.107	33.560
-81.603	33.500
-79.100	33.200
-76.597	33.740
-74.095	34.160
-71.594	34.100
-69.094	33.980
-66.594	34.160
-64.096	34.340
-61.598	34.760
-59.101	35.240
-56.604	36.680
-54.109	38.060
-51.614	42.680
-49.120	52.580
-46.627	66.140
-44.134	84.920
-41.643	116.120
-39.152	169.940
-36.662	269.420
-34.172	405.020
-31.684	521.300
-29.196	652.520
-26.709	735.740
-24.223	842.600
-21.738	899.720
-19.253	952.760
-16.769	990.980
-14.286	1006.640
-11.804	1030.220
-9.322	1030.760
-6.842	1033.700
-4.362	1016.540
-1.882	965.780
0.596	895.400
3.074	858.740
5.550	807.080
8.026	738.140
10.502	671.900
12.976	604.160
15.450	480.020
17.923	335.900
20.395	183.800
22.866	86.540
25.337	50.360
27.807	40.220
30.276	38.300
32.744	38.480
35.212	36.740
37.679	36.260
40.145	35.660
42.610	35.480
45.074	35.060
47.538	35.240
50.001	34.700
52.463	34.520
54.924	33.920
57.385	34.340
59.845	34.100
62.304	33.740
64.762	33.860
67.220	33.980
69.676	33.920
72.132	34.040
74.588	33.920
77.042	33.920
79.496	33.800
81.949	33.560
84.401	33.440
86.852	33.500
89.303	33.620
91.753	33.620
94.202	34.100
96.650	33.500
99.098	33.680
101.545	33.680
103.991	33.860
106.436	33.260
108.880	33.680
111.324	33.860
113.767	33.320
116.209	33.560
118.651	33.200
121.092	33.440
123.532	33.860
125.971	33.560
128.409	33.920
130.847	33.980
133.284	33.860
135.720	33.680
138.156	33.800
140.590	34.160
143.024	34.460
145.457	34.340
147.890	35.540
150.321	35.960
152.752	37.100
155.182	38.180
157.612	40.640
160.040	44.600
162.468	48.920
164.895	55.160
167.322	61.880
169.747	67.760
172.172	75.860
174.596	84.380
177.019	93.740
179.442	102.020
181.864	110.780
184.285	123.560
186.705	130.340
189.125	144.080
191.544	154.100
193.962	157.940
196.379	169.760
198.796	174.980
201.212	186.860
203.627	194.720
206.041	204.620
208.455	203.300
210.868	206.720
213.280	208.760
215.691	211.040
218.102	219.380
220.512	213.020
222.921	215.180
225.329	214.160
227.737	214.940
230.144	211.340
232.550	212.600
234.955	211.940
237.360	217.160
239.764	214.400
242.167	212.600
244.569	212.600
246.971	205.040
249.372	214.580
251.772	215.960
254.172	212.180
256.570	216.320
258.968	207.740
261.366	214.220
263.762	215.480
266.158	211.100
268.553	216.500
270.947	212.600
273.341	212.900
275.734	213.980
278.126	219.320
280.517	212.360
282.908	215.900
285.298	214.280
287.687	215.660
290.075	217.700
292.463	217.460
294.850	213.560
297.236	214.160
299.621	215.600
302.006	214.280
304.390	216.020
306.773	212.540
309.156	215.240
311.538	211.820
313.919	214.040
316.299	213.080
318.679	211.340
321.058	212.600
323.436	208.820
325.813	210.260
328.190	211.640
330.566	212.000
332.941	210.320
335.316	213.140
337.689	211.220
340.062	204.980
342.435	206.960
344.806	206.480
347.177	204.860
349.547	203.600
351.917	211.220
354.285	203.420
356.653	204.260
359.020	196.340
361.387	196.880
363.753	197.360
366.118	197.420
368.482	202.760
370.846	196.880
373.209	196.280
375.571	199.160
377.932	192.140
380.293	188.420
382.653	193.340
385.012	188.960
387.371	191.960
389.728	187.640
392.085	188.180
394.442	182.780
396.797	185.600
399.152	184.880
401.507	185.360
403.860	182.000
406.213	183.680
408.565	183.620
410.916	184.640
413.267	184.340
415.617	182.960
417.966	180.680
420.314	181.280
422.662	179.780
425.009	184.220
427.356	175.520
429.701	179.420
432.046	176.720
434.390	179.540
436.734	174.860
439.076	179.240
441.418	176.900
443.760	177.320
446.100	177.140
448.440	176.900
450.779	178.100
453.118	174.080
455.456	176.540
457.793	179.360
460.129	178.640
462.465	178.700
464.799	178.340
467.134	175.340
469.467	173.060
471.800	173.240
474.132	171.140
476.463	172.160
478.794	169.220
481.124	169.940
483.453	169.280
485.782	163.640
488.109	165.920
490.437	163.880
492.763	159.800
495.089	159.140
497.414	161.360
499.738	163.640
502.061	153.680
504.384	153.980
506.706	152.300
509.028	152.900
511.349	151.700
513.669	152.660
515.988	147.440
518.307	146.300
520.625	145.400
522.942	142.760
525.258	140.600
527.574	142.700
529.889	142.760
532.204	141.140
534.517	140.720
536.830	142.820
539.143	138.320
541.454	136.040
543.765	134.780
546.076	136.580
548.385	137.180
550.694	135.080
553.002	136.280
555.309	137.120
557.616	136.160
559.922	133.580
562.227	130.160
564.532	135.200
566.836	137.420
569.139	135.380
571.442	136.040
573.744	134.720
576.045	135.920
578.345	135.200
580.645	134.660
582.944	135.320
585.242	134.480
587.540	133.700
589.837	134.780
592.133	130.880
594.429	133.940
596.724	133.160
599.018	130.040
601.312	130.820
603.605	132.320
605.897	129.680
608.188	129.800
610.479	130.880
612.769	130.700
615.058	132.440
617.347	132.620
619.635	130.100
621.922	125.840
624.209	130.220
626.495	131.840
628.780	130.340
631.065	132.080
633.348	131.300
635.632	131.180
637.914	128.300
640.196	133.940
642.477	129.680
644.757	129.140
647.037	129.500
649.316	127.040
651.595	128.660
653.872	132.320
656.149	128.360
658.426	131.240
660.701	125.900
662.976	129.980
665.250	131.720
667.524	129.920
669.797	131.660
672.069	128.960
674.341	132.320
676.612	129.380
678.882	129.680
681.151	129.260
683.420	131.420
685.688	129.020
687.956	130.220
690.222	127.760
692.488	128.300
694.754	130.280
697.019	129.200
699.283	129.500
701.546	126.560
703.809	130.340
706.071	130.520
708.332	126.800
710.593	127.640
712.853	125.660
715.112	126.680
717.371	127.760
719.629	127.340
721.886	124.400
724.142	129.080
726.398	124.580
728.654	124.640
730.908	126.440
733.162	124.700
735.415	126.860
737.668	123.620
739.920	124.940
742.171	125.300
744.422	125.900
746.671	125.240
748.921	123.800
751.169	127.160
753.417	125.480
755.664	124.460
757.911	126.680
760.156	126.140
762.402	125.960
764.646	128.480
766.890	127.280
769.133	127.880
771.376	126.320
773.617	126.200
775.859	129.860
778.099	131.600
780.339	126.560
782.578	129.620
784.816	126.320
787.054	127.940
789.291	130.220
791.528	130.880
793.764	131.780
795.999	128.240
798.233	127.820
800.467	126.740
802.700	126.380
804.933	130.160
807.165	128.240
809.396	128.120
811.626	129.980
813.856	129.740
816.085	128.420
818.314	127.400
820.542	125.360
822.769	126.800
824.995	128.180
827.221	127.400
829.446	126.740
831.671	128.540
833.895	129.560
836.118	128.120
838.340	124.400
840.562	129.500
842.784	124.940
845.004	129.320
847.224	129.200
849.443	126.980
851.662	126.740
853.880	124.760
856.097	125.420
858.314	126.440
860.530	124.880
862.745	128.720
864.960	127.580
867.174	126.920
869.387	128.660
871.600	126.500
873.812	124.940
876.023	126.080
878.234	127.760
880.444	128.840
882.653	125.720
884.862	129.860
887.070	124.220
889.278	126.080
891.484	125.540
893.690	128.480
895.896	121.880
898.101	126.920
900.305	125.900
902.508	122.360
904.711	123.440
906.914	122.840
909.115	125.660
911.316	123.500
913.516	126.440
915.716	124.820
917.915	124.880
920.113	125.900
922.311	123.320
924.508	124.460
926.704	124.100
928.900	124.040
931.095	122.120
933.290	123.320
935.483	126.440
937.676	126.200
939.869	123.500
942.061	123.140
944.252	124.160
946.443	123.260
948.632	124.640
950.822	123.920
953.010	123.380
955.198	124.280
957.386	123.800
959.572	122.960
961.758	126.800
963.944	119.900
966.129	120.860
968.313	125.420
970.496	124.160
972.679	122.240
974.861	118.700
977.043	121.220
979.224	121.400
981.404	120.920
983.583	119.240
985.762	117.800
987.941	119.240
990.118	120.980
992.295	119.000
994.472	119.480
996.648	118.820
998.823	119.540
1000.997	118.100
1003.171	118.460
1005.344	120.320
1007.517	119.060
1009.689	117.020
1011.860	119.300
1014.031	118.280
1016.201	116.780
1018.370	116.180
1020.539	117.800
1022.707	117.920
1024.875	116.420
1027.041	113.180
1029.208	118.280
1031.373	120.140
1033.538	117.860
1035.702	119.120
1037.866	117.620
1040.029	112.100
1042.192	118.820
1044.353	116.360
1046.514	116.780
1048.675	116.900
1050.835	118.760
1052.994	117.980
1055.153	119.120
1057.311	120.440
1059.468	122.360
1061.625	120.260
1063.781	120.500
1065.936	118.820
1068.091	117.620
1070.245	120.740
1072.399	120.200
1074.552	120.500
1076.704	120.920
1078.856	120.440
1081.007	121.700
1083.157	121.880
1085.307	120.680
1087.456	120.260
1089.605	120.560
1091.753	120.620
1093.900	122.720
1096.046	121.220
1098.192	122.360
1100.338	118.520
1102.483	123.800
1104.627	120.860
1106.770	120.380
1108.913	121.880
1111.056	122.900
1113.197	123.860
1115.338	122.900
1117.479	122.540
1119.618	122.480
1121.758	123.740
1123.896	124.100
1126.034	121.460
1128.171	123.380
1130.308	122.660
1132.444	125.000
1134.579	125.360
1136.714	127.220
1138.848	124.280
1140.982	125.600
1143.115	127.220
1145.247	123.680
1147.379	126.620
1149.510	123.500
1151.640	123.560
1153.770	123.980
1155.899	125.120
1158.028	124.040
1160.156	124.220
1162.283	125.660
1164.410	124.160
1166.536	122.480
1168.662	124.220
1170.787	123.560
1172.911	122.780
1175.034	121.760
1177.158	122.900
1179.280	122.060
1181.402	120.980
1183.523	120.980
1185.644	120.140
1187.763	121.340
1189.883	120.740
1192.002	121.580
1194.120	123.800
1196.237	116.780
1198.354	120.080
1200.470	119.300
1202.586	118.400
1204.701	119.180
1206.815	119.300
1208.929	117.800
1211.042	120.380
1213.155	118.280
1215.267	117.140
1217.378	117.920
1219.489	119.780
1221.599	118.040
1223.709	120.260
1225.818	117.680
1227.926	118.700
1230.034	118.160
1232.141	117.860
1234.247	119.840
1236.353	118.520
1238.459	118.820
1240.563	116.960
1242.667	120.020
1244.771	119.420
1246.874	119.780
1248.976	120.500
1251.078	119.300
1253.179	120.980
1255.279	121.760
1257.379	119.840
1259.478	122.360
1261.577	119.480
1263.675	121.460
1265.772	121.820
1267.869	119.120
1269.965	121.220
1272.060	122.660
1274.155	123.980
1276.250	121.160
1278.344	125.180
1280.437	120.260
1282.529	119.540
1284.621	121.520
1286.713	119.360
1288.803	122.120
1290.893	119.780
1292.983	121.640
1295.072	119.180
1297.160	120.440
1299.248	114.800
1301.335	118.280
1303.422	115.640
1305.508	116.000
1307.593	118.700
1309.678	113.780
1311.762	113.240
1313.845	117.440
1315.928	116.120
1318.011	112.760
1320.092	114.860
1322.174	115.880
1324.254	114.140
1326.334	112.040
1328.413	114.200
1330.492	112.520
1332.570	112.280
1334.648	112.940
1336.725	111.260
1338.801	114.860
1340.877	110.780
1342.952	111.740
1345.027	111.680
1347.101	111.800
1349.174	109.100
1351.247	110.840
1353.319	111.440
1355.391	109.040
1357.462	111.560
1359.532	113.540
1361.602	111.140
1363.671	108.860
1365.740	114.500
1367.808	112.280
1369.875	113.360
1371.942	116.240
1374.008	115.160
1376.074	111.860
1378.139	117.140
1380.204	116.600
1382.268	115.760
1384.331	118.340
1386.394	115.520
1388.456	119.000
1390.517	117.440
1392.578	117.740
1394.639	117.860
1396.698	122.900
1398.758	125.180
1400.816	121.040
1402.874	122.360
1404.932	124.280
1406.988	127.700
1409.045	132.980
1411.100	134.180
1413.155	138.320
1415.210	141.800
1417.264	142.760
1419.317	146.420
1421.370	149.720
1423.422	149.300
1425.474	150.800
1427.524	159.680
1429.575	157.040
1431.625	157.640
1433.674	151.100
1435.722	150.140
1437.771	148.160
1439.818	146.300
1441.865	140.360
1443.911	137.720
1445.957	128.900
1448.002	128.600
1450.047	127.580
1452.091	124.100
1454.134	121.940
1456.177	121.220
1458.219	120.020
1460.261	120.800
1462.302	116.420
1464.342	123.020
1466.382	121.580
1468.421	122.180
1470.460	116.780
1472.498	120.560
1474.536	120.560
1476.573	121.160
1478.609	120.500
1480.645	119.240
1482.680	120.020
1484.715	119.300
1486.749	123.140
1488.783	125.720
1490.816	124.280
1492.848	125.720
1494.880	131.180
1496.911	133.880
1498.942	134.720
1500.972	132.440
1503.001	138.680
1505.030	141.560
1507.058	140.600
1509.086	147.680
1511.113	143.900
1513.140	142.520
1515.166	146.540
1517.191	145.520
1519.216	145.820
1521.241	145.520
1523.264	142.100
1525.287	148.160
1527.310	145.400
1529.332	144.080
1531.354	141.980
1533.374	138.080
1535.395	138.140
1537.414	135.080
1539.434	135.860
1541.452	134.060
1543.470	133.700
1545.488	133.580
1547.505	134.540
1549.521	135.740
1551.537	134.660
1553.552	136.760
1555.566	138.020
1557.580	139.760
1559.594	141.500
1561.607	140.660
1563.619	141.620
1565.631	143.780
1567.642	140.900
1569.653	140.060
1571.663	138.200
1573.672	139.340
1575.681	137.480
1577.689	134.900
1579.697	136.340
1581.704	129.680
1583.711	125.120
1585.717	123.020
1587.722	120.800
1589.727	118.100
1591.732	116.720
1593.736	116.240
1595.739	111.500
1597.742	111.920
1599.744	110.180
1601.745	108.680
1603.746	106.160
1605.747	105.620
1607.746	103.580
1609.746	103.820
1611.745	100.280
1613.743	98.960
1615.740	95.660
1617.737	95.780
1619.734	95.240
1621.730	91.580
1623.725	92.540
1625.720	91.340
1627.714	88.160
1629.708	89.360
1631.701	88.340
1633.693	87.920
1635.685	84.680
1637.677	83.300
1639.668	84.320
1641.658	83.300
1643.648	81.440
1645.637	82.160
1647.626	82.460
1649.614	79.100
1651.601	80.960
1653.588	81.080
1655.575	78.740
1657.561	80.480
1659.546	77.180
1661.531	77.840
1663.515	77.420
1665.498	76.160
1667.481	76.700
1669.464	76.220
1671.446	75.380
1673.427	75.320
1675.408	75.080
1677.388	76.880
1679.368	74.900
1681.347	74.240
1683.326	74.720
1685.304	73.340
1687.282	74.840
1689.258	73.580
1691.235	75.740
1693.211	75.140
1695.186	74.360
1697.161	73.100
1699.135	74.660
1701.109	76.100
1703.082	74.780
1705.054	74.360
1707.026	73.040
1708.998	73.880
1710.969	71.180
1712.939	74.480
1714.909	73.580
1716.878	73.400
1718.847	73.220
1720.815	71.180
1722.782	70.700
1724.749	72.860
1726.716	72.800
1728.682	69.980
1730.647	69.800
1732.612	69.860
1734.576	70.100
1736.540	68.660
1738.503	70.340
1740.466	71.120
1742.428	68.000
1744.389	69.500
1746.350	67.220
1748.311	70.160
1750.271	68.240
1752.230	68.480
1754.189	69.140
1756.147	69.560
1758.105	69.920
1760.062	69.260
1762.019	68.600
1763.975	69.320
1765.930	70.820
1767.885	68.960
1769.840	69.500
1771.794	69.680
1773.747	68.720
1775.700	67.640
1777.652	70.100
1779.604	69.200
1781.555	69.440
1783.506	69.680
1785.456	68.780
1787.405	68.900
1789.354	68.960
1791.303	68.420
1793.251	72.140
1795.198	67.640
1797.145	71.000
1799.091	67.880
1801.037	68.180
1802.982	67.700
1804.927	67.940
1806.871	67.280
1808.815	67.460
1810.758	69.980
1812.700	67.460
1814.642	68.360
1816.584	69.860
1818.525	66.980
1820.465	65.540
1822.405	67.520
1824.344	66.920
1826.283	66.020
1828.221	65.780
1830.159	65.480
1832.096	64.340
1834.032	66.980
1835.968	64.460
1837.904	65.720
1839.839	66.020
1841.773	64.100
1843.707	65.120
1845.641	66.320
1847.574	65.540
1849.506	64.940
1851.438	64.520
1853.369	64.700
1855.300	65.000
1857.230	64.940
1859.160	65.720
1861.089	64.760
1863.017	65.480
1864.945	65.420
1866.873	64.160
1868.800	63.680
1870.726	66.980
1872.652	64.940
1874.577	64.280
1876.502	65.180
1878.427	63.140
1880.350	64.460
1882.274	63.440
1884.196	64.940
1886.119	65.900
1888.040	64.580
1889.961	64.760
1891.882	64.340
1893.802	63.440
1895.722	62.900
1897.641	65.300
1899.559	63.500
1901.477	65.840
1903.394	64.160
1905.311	65.360
1907.228	65.840
1909.143	64.820
1911.059	65.180
1912.974	64.460
1914.888	65.480
1916.802	63.200
1918.715	64.100
1920.627	62.600
1922.540	64.100
1924.451	65.660
1926.362	64.940
1928.273	63.980
1930.183	62.900
1932.092	66.440
1934.001	65.180
1935.910	65.000
1937.818	66.140
1939.725	67.700
1941.632	65.480
1943.538	68.000
1945.444	64.340
1947.349	64.040
1949.254	66.140
1951.159	67.040
1953.062	64.520
1954.965	64.100
1956.868	64.400
1958.770	62.600
1960.672	64.640
1962.573	64.700
1964.474	65.540
1966.374	64.040
1968.273	61.280
1970.172	64.160
1972.071	64.100
1973.969	62.600
1975.866	62.000
1977.763	63.320
1979.660	63.320
1981.556	62.900
1983.451	63.260
1985.346	63.500
1987.240	64.220
1989.134	63.500
1991.027	61.760
1992.920	62.900
1994.813	61.340
1996.704	62.720
1998.596	61.580
2000.486	61.760
2002.376	61.520
2004.266	63.140
2006.155	60.920
2008.044	60.980
2009.932	62.120
2011.820	61.160
2013.707	59.960
2015.593	61.040
2017.479	58.400
2019.365	59.960
2021.250	57.440
2023.135	57.680
2025.019	58.400
2026.902	58.400
2028.785	59.360
2030.668	58.880
2032.549	57.980
2034.431	58.940
2036.312	57.680
2038.192	56.600
2040.072	56.420
2041.952	57.440
2043.830	57.860
2045.709	59.540
2047.587	57.740
2049.464	59.060
2051.341	57.320
2053.217	56.660
2055.093	57.200
2056.968	56.780
2058.843	57.560
2060.717	57.140
2062.591	55.580
2064.464	57.980
2066.337	57.020
2068.209	58.220
2070.081	57.380
2071.952	57.680
2073.823	58.220
2075.693	58.160
2077.562	57.320
2079.432	56.960
2081.300	57.980
2083.168	58.040
2085.036	55.760
2086.903	56.900
2088.770	56.360
2090.636	57.080
2092.501	57.680
2094.367	57.560
2096.231	57.380
2098.095	59.000
2099.959	54.380
2101.822	56.180
2103.684	58.040
2105.546	55.580
2107.408	56.240
2109.269	57.020
2111.130	55.340
2112.990	56.420
2114.849	56.960
2116.708	56.900
2118.567	56.600
2120.425	57.260
2122.282	56.840
2124.139	56.840
2125.996	56.960
2127.852	55.820
2129.707	57.200
2131.562	56.000
2133.416	56.000
2135.270	55.940
2137.124	57.500
2138.977	56.360
2140.829	56.600
2142.681	57.500
2144.533	56.780
2146.384	57.140
2148.234	57.380
2150.084	57.680
2151.934	56.180
2153.783	55.220
2155.631	55.760
2157.479	56.360
2159.326	56.240
2161.173	56.000
2163.020	54.920
2164.866	55.520
2166.711	55.160
2168.556	54.920
2170.401	55.760
2172.245	54.980
2174.088	54.440
2175.931	53.120
2177.773	54.200
2179.615	54.560
2181.457	54.200
2183.298	53.660
2185.138	52.460
2186.978	53.360
2188.818	54.440
2190.657	53.300
2192.495	53.120
2194.333	52.520
2196.171	54.440
2198.008	53.120
2199.844	53.300
2201.680	52.940
2203.516	53.960
2205.351	52.640
2207.185	52.040
2209.019	53.120
2210.853	52.820
2212.686	53.600
2214.518	53.540
2216.350	54.140
2218.182	53.780
2220.013	51.740
2221.844	53.060
2223.674	52.820
2225.503	53.840
2227.332	54.020
2229.161	52.940
2230.989	54.500
2232.817	52.100
2234.644	52.880
2236.470	52.640
2238.296	53.060
2240.122	52.220
2241.947	51.860
2243.772	51.980
2245.596	51.200
2247.420	53.960
2249.243	51.200
2251.066	50.900
2252.888	52.460
2254.709	51.380
2256.531	50.000
2258.351	52.160
2260.172	50.540
2261.991	51.320
2263.811	49.820
2265.629	50.540
2267.448	52.700
2269.265	50.540
2271.083	49.520
2272.900	50.420
2274.716	50.360
2276.532	50.600
2278.347	50.480
2280.162	50.960
2281.976	50.900
2283.790	50.300
2285.604	51.020
2287.417	51.200
2289.229	52.280
2291.041	50.060
2292.852	51.320
2294.663	51.800
2296.474	51.740
2298.284	51.740
2300.093	51.560
2301.903	51.140
2303.711	51.380
2305.519	51.260
2307.327	50.960
2309.134	49.760
2310.940	52.220
2312.747	51.680
2314.552	52.640
2316.357	50.120
2318.162	50.720
2319.966	49.940
2321.770	50.000
2323.573	49.760
