-617.380	42.620
-614.705	41.480
-612.031	41.420
-609.357	41.180
-606.685	42.200
-604.013	41.240
-601.342	41.540
-598.672	41.600
-596.003	41.840
-593.335	42.200
-590.668	41.540
-588.001	41.900
-585.336	42.620
-582.671	42.260
-580.007	43.880
-577.344	44.060
-574.682	44.240
-572.021	44.180
-569.360	43.580
-566.701	43.820
-564.042	44.240
-561.384	43.580
-558.727	43.520
-556.071	44.840
-553.416	44.720
-550.761	44.720
-548.108	44.000
-545.455	43.820
-542.804	44.180
-540.153	44.300
-537.503	45.080
-534.853	45.440
-532.205	46.040
-529.558	46.700
-526.911	45.020
-524.265	46.040
-521.620	47.120
-518.976	48.800
-516.333	46.700
-513.691	49.100
-511.049	48.380
-508.409	48.320
-505.769	49.160
-503.130	49.940
-500.492	51.320
-497.855	51.260
-495.218	50.720
-492.583	52.040
-489.948	50.780
-487.314	52.340
-484.681	53.600
-482.049	52.100
-479.418	52.040
-476.788	52.400
-474.158	52.880
-471.529	54.200
-468.901	53.780
-466.274	52.520
-463.648	53.780
-461.023	53.660
-458.399	55.640
-455.775	53.840
-453.152	54.260
-450.530	54.140
-447.909	53.540
-445.289	55.040
-442.670	54.140
-440.051	54.140
-437.433	54.140
-434.816	54.380
-432.200	54.020
-429.585	54.920
-426.971	54.440
-424.358	55.100
-421.745	53.720
-419.133	52.640
-416.522	54.380
-413.912	53.300
-411.303	55.220
-408.694	53.240
-406.087	53.420
-403.480	52.220
-400.874	51.680
-398.269	52.160
-395.665	52.580
-393.061	51.260
-390.459	52.100
-387.857	53.180
-385.256	52.220
-382.656	51.740
-380.057	51.800
-377.458	50.300
-374.861	51.560
-372.264	50.960
-369.668	50.960
-367.073	50.900
-364.479	48.440
-361.885	49.220
-359.293	50.600
-356.701	49.280
-354.110	48.920
-351.520	48.980
-348.931	49.160
-346.343	47.900
-343.755	48.080
-341.168	46.640
-338.582	48.080
-335.997	47.660
-333.413	47.240
-330.829	46.940
-328.247	46.700
-325.665	46.760
-323.084	46.880
-320.504	46.700
-317.925	46.460
-315.346	46.820
-312.769	47.360
-310.192	46.820
-307.616	45.980
-305.040	44.660
-302.466	45.800
-299.893	45.020
-297.320	45.140
-294.748	44.840
-292.177	45.080
-289.607	45.140
-287.037	44.420
-284.469	45.680
-281.901	44.540
-279.334	43.880
-276.768	45.380
-274.202	44.840
-271.638	43.700
-269.074	44.780
-266.511	44.240
-263.949	44.960
-261.388	44.540
-258.827	45.080
-256.268	43.580
-253.709	43.580
-251.151	42.860
-248.594	43.280
-246.038	42.560
-243.482	42.200
-240.927	42.500
-238.373	42.500
-235.820	42.680
-233.268	40.640
-230.717	39.740
-228.166	40.880
-225.616	40.520
-223.067	40.280
-220.519	39.260
-217.971	38.600
-215.425	38.120
-212.879	37.280
-210.334	37.340
-207.790	36.200
-205.246	36.020
-202.704	35.540
-200.162	35.720
-197.621	35.060
-195.081	35.000
-192.542	34.580
-190.003	34.040
-187.465	33.800
-184.928	33.620
-182.392	33.680
-179.857	33.200
-177.322	33.740
-174.789	33.620
-172.256	33.200
-169.724	33.500
-167.192	33.800
-164.662	33.380
-162.132	33.260
-159.603	33.140
-157.075	33.200
-154.548	33.380
-152.022	33.320
-149.496	33.200
-146.971	33.140
-144.447	33.440
-141.924	33.260
-139.401	33.740
-136.879	33.260
-134.358	33.020
-131.838	33.320
-129.319	33.440
-126.801	33.140
-124.283	33.380
-121.766	33.380
-119.250	33.560
-116.734	33.620
-114.220	33.800
-111.706	33.740
-109.193	33.380
-106.681	33.320
-104.170	33.440
-101.659	33.440
-99.149	33.620
-96.640	33.380
-94.132	33.200
-91.625	33.260
-89.118	33.440
-86.612	33.260
-84.107	33.620
-81.603	33.320
-79.100	33.560
-76.597	33.440
-74.095	33.680
-71.594	34.040
-69.094	34.280
-66.594	34.160
-64.096	34.160
-61.598	34.520
-59.101	35.000
-56.604	35.960
-54.109	38.360
-51.614	42.440
-49.120	52.280
-46.627	64.280
-44.134	85.640
-41.643	112.820
-39.152	175.520
-36.662	272.360
-34.172	406.100
-31.684	513.800
-29.196	648.560
-26.709	746.420
-24.223	846.920
-21.738	918.740
-19.253	953.540
-16.769	974.360
-14.286	1012.760
-11.804	1023.500
-9.322	1025.660
-6.842	1036.100
-4.362	1018.820
-1.882	961.820
0.596	896.360
3.074	865.460
5.550	815.780
8.026	751.280
10.502	680.960
12.976	606.020
15.450	487.700
17.923	336.980
20.395	181.100
22.866	85.340
25.337	50.780
27.807	40.220
30.276	38.060
32.744	38.000
35.212	36.860
37.679	36.620
40.145	36.500
42.610	35.780
45.074	35.300
47.538	34.640
50.001	34.460
52.463	34.280
54.924	33.920
57.385	34.040
59.845	33.740
62.304	34.040
64.762	33.920
67.220	33.980
69.676	33.860
72.132	33.380
74.588	33.860
77.042	33.440
79.496	33.740
81.949	33.860
84.401	33.440
86.852	33.620
89.303	33.740
91.753	33.500
94.202	33.440
96.650	33.740
99.098	33.440
101.545	33.320
103.991	33.680
106.436	33.680
108.880	33.440
111.324	33.260
113.767	33.560
116.209	33.440
118.651	33.560
121.092	33.560
123.532	33.200
125.971	33.680
128.409	33.860
130.847	33.920
133.284	33.740
135.720	33.740
138.156	33.440
140.590	34.040
143.024	34.460
145.457	34.280
147.890	34.400
150.321	35.720
152.752	37.100
155.182	38.780
157.612	41.300
160.040	43.460
162.468	49.160
164.895	54.260
167.322	60.620
169.747	67.880
172.172	74.600
174.596	84.680
177.019	93.800
179.442	102.020
181.864	114.800
184.285	123.620
186.705	134.060
189.125	144.260
191.544	153.440
193.962	161.300
196.379	173.300
198.796	176.360
201.212	185.240
203.627	194.780
206.041	202.280
208.455	203.780
210.868	207.620
213.280	210.200
215.691	212.900
218.102	216.740
220.512	210.260
222.921	215.900
225.329	211.280
227.737	215.900
230.144	217.400
232.550	209.240
234.955	216.320
237.360	212.900
239.764	212.600
242.167	210.320
244.569	212.600
246.971	212.960
249.372	213.920
251.772	210.980
254.172	214.940
256.570	210.860
258.968	215.240
261.366	215.000
263.762	211.460
266.158	212.540
268.553	211.940
270.947	217.160
273.341	212.600
275.734	216.560
278.126	214.820
280.517	213.200
282.908	216.920
285.298	215.060
287.687	214.460
290.075	216.140
292.463	214.280
294.850	214.940
297.236	213.560
299.621	215.540
302.006	213.560
304.390	214.820
306.773	208.940
309.156	216.080
311.538	213.380
313.919	212.120
316.299	210.380
318.679	210.260
321.058	212.240
323.436	206.780
325.813	208.520
328.190	203.960
330.566	213.260
332.941	208.280
335.316	206.780
337.689	208.580
340.062	208.640
342.435	206.540
344.806	206.480
347.177	207.560
349.547	203.180
351.917	207.260
354.285	202.100
356.653	200.540
359.020	203.120
361.387	195.920
363.753	198.920
366.118	196.460
368.482	201.560
370.846	196.640
373.209	196.040
375.571	194.300
377.932	189.920
380.293	191.600
382.653	187.820
385.012	191.720
387.371	187.160
389.728	190.280
392.085	185.120
394.442	184.880
396.797	184.640
399.152	181.700
401.507	183.920
403.860	182.480
406.213	181.940
408.565	184.100
410.916	179.780
413.267	179.720
415.617	181.940
417.966	179.240
420.314	180.200
422.662	179.540
425.009	178.460
427.356	180.200
429.701	177.920
432.046	178.820
434.390	179.600
436.734	179.600
439.076	179.720
441.418	179.060
443.760	181.520
446.100	177.800
448.440	172.520
450.779	180.140
453.118	173.360
455.456	178.700
457.793	173.480
460.129	175.220
462.465	175.820
464.799	174.020
467.134	173.720
469.467	169.280
471.800	172.580
474.132	173.240
476.463	168.620
478.794	170.420
481.124	168.380
483.453	169.280
485.782	165.560
488.109	160.820
490.437	164.300
492.763	163.100
495.089	159.740
497.414	158.300
499.738	156.260
502.061	156.440
504.384	157.580
506.706	153.500
509.028	152.660
511.349	150.500
513.669	145.880
515.988	145.100
518.307	145.460
520.625	146.660
522.942	143.780
525.258	143.720
527.574	140.240
529.889	139.700
532.204	137.780
534.517	139.220
536.830	141.200
539.143	134.660
541.454	138.800
543.765	138.920
546.076	133.940
548.385	136.220
550.694	135.320
553.002	133.640
555.309	136.820
557.616	132.200
559.922	135.260
562.227	131.420
564.532	135.380
566.836	132.200
569.139	135.500
571.442	134.600
573.744	133.220
576.045	134.180
578.345	133.220
580.645	132.560
582.944	133.640
585.242	133.280
587.540	135.680
589.837	132.500
592.133	134.780
594.429	133.520
596.724	132.800
599.018	132.140
601.312	130.220
603.605	133.280
605.897	129.740
608.188	130.040
610.479	129.380
612.769	126.980
615.058	129.680
617.347	127.340
619.635	129.500
621.922	126.620
624.209	129.500
626.495	129.560
628.780	129.980
631.065	128.180
633.348	129.920
635.632	129.080
637.914	131.060
640.196	128.960
642.477	127.760
644.757	129.320
647.037	131.060
649.316	131.480
651.595	131.420
653.872	131.540
656.149	125.600
658.426	128.960
660.701	128.480
662.976	129.800
665.250	129.740
667.524	129.500
669.797	128.300
672.069	130.040
674.341	127.040
676.612	131.180
678.882	129.680
681.151	130.580
683.420	127.940
685.688	125.840
687.956	127.940
690.222	128.900
692.488	130.760
694.754	129.740
697.019	130.520
699.283	124.940
701.546	129.200
703.809	129.200
706.071	128.720
708.332	126.620
710.593	124.340
712.853	125.240
715.112	124.640
717.371	126.800
719.629	127.160
721.886	126.260
724.142	124.340
726.398	123.680
728.654	126.080
730.908	126.740
733.162	123.260
735.415	125.000
737.668	122.360
739.920	124.580
742.171	122.900
744.422	123.860
746.671	123.800
748.921	127.220
751.169	125.540
753.417	126.140
755.664	125.000
757.911	125.420
760.156	127.820
762.402	127.640
764.646	129.080
766.890	126.800
769.133	128.000
771.376	126.740
773.617	129.860
775.859	127.160
778.099	127.580
780.339	131.000
782.578	128.240
784.816	126.920
787.054	127.940
789.291	127.160
791.528	130.760
793.764	126.800
795.999	128.000
798.233	127.400
800.467	126.500
802.700	129.620
804.933	125.840
807.165	129.080
809.396	127.100
811.626	127.940
813.856	129.260
816.085	128.180
818.314	128.000
820.542	126.860
822.769	124.220
824.995	125.840
827.221	128.780
829.446	127.820
831.671	127.160
833.895	127.280
836.118	128.780
838.340	127.760
840.562	126.920
842.784	126.320
845.004	126.500
847.224	127.100
849.443	126.320
851.662	128.000
853.880	125.060
856.097	127.040
858.314	127.820
860.530	125.720
862.745	123.860
864.960	126.680
867.174	127.100
869.387	127.040
871.600	127.700
873.812	123.860
876.023	129.080
878.234	125.960
880.444	129.020
882.653	124.460
884.862	127.520
887.070	127.100
889.278	127.220
891.484	128.780
893.690	130.400
895.896	126.440
898.101	124.580
900.305	126.560
902.508	123.500
904.711	125.180
906.914	124.100
909.115	122.660
911.316	124.640
913.516	122.480
915.716	124.100
917.915	121.940
920.113	124.160
922.311	122.720
924.508	125.900
926.704	123.980
928.900	122.060
931.095	125.660
933.290	123.380
935.483	124.580
937.676	124.640
939.869	127.340
942.061	125.180
944.252	125.180
946.443	121.280
948.632	127.520
950.822	123.560
953.010	123.620
955.198	123.860
957.386	119.960
959.572	122.060
961.758	125.000
963.944	122.780
966.129	124.340
968.313	121.340
970.496	124.040
972.679	123.140
974.861	122.420
977.043	119.240
979.224	120.500
981.404	121.040
983.583	120.380
985.762	118.520
987.941	118.820
990.118	121.580
992.295	118.940
994.472	120.200
996.648	118.040
998.823	119.840
1000.997	117.920
1003.171	115.340
1005.344	121.580
1007.517	118.760
1009.689	116.420
1011.860	119.540
1014.031	118.220
1016.201	118.700
1018.370	117.500
1020.539	115.340
1022.707	117.740
1024.875	116.900
1027.041	116.660
1029.208	116.660
1031.373	114.140
1033.538	116.660
1035.702	117.080
1037.866	116.780
1040.029	114.560
1042.192	120.800
1044.353	118.220
1046.514	116.540
1048.675	117.500
1050.835	118.340
1052.994	118.760
1055.153	119.540
1057.311	121.220
1059.468	119.540
1061.625	121.220
1063.781	118.220
1065.936	124.100
1068.091	119.600
1070.245	118.340
1072.399	117.080
1074.552	119.420
1076.704	121.040
1078.856	121.400
1081.007	120.440
1083.157	120.260
1085.307	121.940
1087.456	121.580
1089.605	121.100
1091.753	119.000
1093.900	119.480
1096.046	119.480
1098.192	119.300
1100.338	120.560
1102.483	120.500
1104.627	121.700
1106.770	121.340
1108.913	122.120
1111.056	124.760
1113.197	122.540
1115.338	127.580
1117.479	124.340
1119.618	122.900
1121.758	125.540
1123.896	126.800
1126.034	122.300
1128.171	122.780
1130.308	124.040
1132.444	127.280
1134.579	125.360
1136.714	125.360
1138.848	126.500
1140.982	125.480
1143.115	124.340
1145.247	127.460
1147.379	125.480
1149.510	125.300
1151.640	126.080
1153.770	127.520
1155.899	126.380
1158.028	125.840
1160.156	128.840
1162.283	124.460
1164.410	125.840
1166.536	128.240
1168.662	125.720
1170.787	125.240
1172.911	121.400
1175.034	120.860
1177.158	122.780
1179.280	121.160
1181.402	120.440
1183.523	119.960
1185.644	120.740
1187.763	121.820
1189.883	119.600
1192.002	119.600
1194.120	119.120
1196.237	118.940
1198.354	118.760
1200.470	118.580
1202.586	118.520
1204.701	117.020
1206.815	118.400
1208.929	118.220
1211.042	116.060
1213.155	118.580
1215.267	117.260
1217.378	118.220
1219.489	116.720
1221.599	117.380
1223.709	117.260
1225.818	119.360
1227.926	116.780
1230.034	120.200
1232.141	118.340
1234.247	116.780
1236.353	116.660
1238.459	118.700
1240.563	120.440
1242.667	117.080
1244.771	120.800
1246.874	117.620
1248.976	120.320
1251.078	120.620
1253.179	122.060
1255.279	117.500
1257.379	118.760
1259.478	121.160
1261.577	117.860
1263.675	118.700
1265.772	118.280
1267.869	120.440
1269.965	120.560
1272.060	121.820
1274.155	120.980
1276.250	119.840
1278.344	121.880
1280.437	120.500
1282.529	120.380
1284.621	120.200
1286.713	117.740
1288.803	121.940
1290.893	121.640
1292.983	119.120
1295.072	120.320
1297.160	119.480
1299.248	116.000
1301.335	117.140
1303.422	115.400
1305.508	115.100
1307.593	115.400
1309.678	113.360
1311.762	110.720
1313.845	115.700
1315.928	111.740
1318.011	112.460
1320.092	114.380
1322.174	112.940
1324.254	112.280
1326.334	112.280
1328.413	112.580
1330.492	111.800
1332.570	113.120
1334.648	111.800
1336.725	112.700
1338.801	111.560
1340.877	110.300
1342.952	112.040
1345.027	108.620
1347.101	110.120
1349.174	108.440
1351.247	108.320
1353.319	109.760
1355.391	107.540
1357.462	113.480
1359.532	111.500
1361.602	109.160
1363.671	112.520
1365.740	109.160
1367.808	110.480
1369.875	110.420
1371.942	111.800
1374.008	113.000
1376.074	112.760
1378.139	116.840
1380.204	115.400
1382.268	112.640
1384.331	114.920
1386.394	116.060
1388.456	115.400
1390.517	115.040
1392.578	114.140
1394.639	118.460
1396.698	118.040
1398.758	115.580
1400.816	116.840
1402.874	122.480
1404.932	122.840
1406.988	125.360
1409.045	127.280
1411.100	126.620
1413.155	131.360
1415.210	134.840
1417.264	138.560
1419.317	139.580
1421.370	140.840
1423.422	143.120
1425.474	147.200
1427.524	150.920
1429.575	151.100
1431.625	150.080
1433.674	149.840
1435.722	152.720
1437.771	146.300
1439.818	143.840
1441.865	141.320
1443.911	137.780
1445.957	132.980
1448.002	126.920
1450.047	127.100
1452.091	123.140
1454.134	123.980
1456.177	122.120
1458.219	122.300
1460.261	122.420
1462.302	119.120
1464.342	117.500
1466.382	117.680
1468.421	117.020
1470.460	121.220
1472.498	119.120
1474.536	120.800
1476.573	121.760
1478.609	117.380
1480.645	119.600
1482.680	119.660
1484.715	118.640
1486.749	120.560
1488.783	122.720
1490.816	124.160
1492.848	125.480
1494.880	126.740
1496.911	128.300
1498.942	129.620
1500.972	133.340
1503.001	134.960
1505.030	134.900
1507.058	136.460
1509.086	141.380
1511.113	139.580
1513.140	137.960
1515.166	144.440
1517.191	144.920
1519.216	143.840
1521.241	141.620
1523.264	138.200
1525.287	143.840
1527.310	141.020
1529.332	138.920
1531.354	138.980
1533.374	133.100
1535.395	134.480
1537.414	134.420
1539.434	131.000
1541.452	130.160
1543.470	129.800
1545.488	128.060
1547.505	128.540
1549.521	128.840
1551.537	126.800
1553.552	129.080
1555.566	132.440
1557.580	132.620
1559.594	132.740
1561.607	132.260
1563.619	133.820
1565.631	130.940
1567.642	132.260
1569.653	131.420
1571.663	133.940
1573.672	131.000
1575.681	130.700
1577.689	128.240
1579.697	126.320
1581.704	122.240
1583.711	122.780
1585.717	120.620
1587.722	115.880
1589.727	119.360
1591.732	116.900
1593.736	111.920
1595.739	110.000
1597.742	110.060
1599.744	106.940
1601.745	107.060
1603.746	102.920
1605.747	101.840
1607.746	101.960
1609.746	102.380
1611.745	98.960
1613.743	97.520
1615.740	97.400
1617.737	92.780
1619.734	92.000
1621.730	91.100
1623.725	89.720
1625.720	91.100
1627.714	90.620
1629.708	89.480
1631.701	86.840
1633.693	87.080
1635.685	84.440
1637.677	85.220
1639.668	84.320
1641.658	83.540
1643.648	80.960
1645.637	82.220
1647.626	80.600
1649.614	79.640
1651.601	79.280
1653.588	78.320
1655.575	78.560
1657.561	77.240
1659.546	79.820
1661.531	77.360
1663.515	75.560
1665.498	77.240
1667.481	77.660
1669.464	76.520
1671.446	74.420
1673.427	74.660
1675.408	74.480
1677.388	74.300
1679.368	74.480
1681.347	74.660
1683.326	76.460
1685.304	73.340
1687.282	74.120
1689.258	72.260
1691.235	73.520
1693.211	73.940
1695.186	72.980
1697.161	74.480
1699.135	73.400
1701.109	73.400
1703.082	74.060
1705.054	75.140
1707.026	73.520
1708.998	72.560
1710.969	74.540
1712.939	74.000
1714.909	72.680
1716.878	73.400
1718.847	71.660
1720.815	73.400
1722.782	71.540
1724.749	72.320
1726.716	72.380
1728.682	72.500
1730.647	72.500
1732.612	70.760
1734.576	69.920
1736.540	70.220
1738.503	68.780
1740.466	67.700
1742.428	70.580
1744.389	67.880
1746.350	69.740
1748.311	69.800
1750.271	68.840
1752.230	68.480
1754.189	69.920
1756.147	70.400
1758.105	68.060
1760.062	68.540
1762.019	68.060
1763.975	69.080
1765.930	68.780
1767.885	67.640
1769.840	69.080
1771.794	67.820
1773.747	69.860
1775.700	68.420
1777.652	66.980
1779.604	68.120
1781.555	67.940
1783.506	66.980
1785.456	69.380
1787.405	69.020
1789.354	67.820
1791.303	69.260
1793.251	68.300
1795.198	69.500
1797.145	70.400
1799.091	67.700
1801.037	69.140
1802.982	70.340
1804.927	70.100
1806.871	67.640
1808.815	68.300
1810.758	68.840
1812.700	68.360
1814.642	69.500
1816.584	67.280
1818.525	66.260
1820.465	65.360
1822.405	66.920
1824.344	65.480
1826.283	66.020
1828.221	64.340
1830.159	65.960
1832.096	66.020
1834.032	64.460
1835.968	64.400
1837.904	65.180
1839.839	64.760
1841.773	65.540
1843.707	64.700
1845.641	61.940
1847.574	66.080
1849.506	65.360
1851.438	63.920
1853.369	64.100
1855.300	64.520
1857.230	64.700
1859.160	64.400
1861.089	66.140
1863.017	64.640
1864.945	64.160
1866.873	63.740
1868.800	66.440
1870.726	65.120
1872.652	65.780
1874.577	64.160
1876.502	64.760
1878.427	63.080
1880.350	66.980
1882.274	63.740
1884.196	64.700
1886.119	63.920
1888.040	65.060
1889.961	63.140
1891.882	64.640
1893.802	63.740
1895.722	63.740
1897.641	64.400
1899.559	65.480
1901.477	65.360
1903.394	66.800
1905.311	65.660
1907.228	65.120
1909.143	65.900
1911.059	64.580
1912.974	66.260
1914.888	64.940
1916.802	65.840
1918.715	65.300
1920.627	66.260
1922.540	67.580
1924.451	66.740
1926.362	67.160
1928.273	67.340
1930.183	66.560
1932.092	67.160
1934.001	67.100
1935.910	65.720
1937.818	65.780
1939.725	64.700
1941.632	65.000
1943.538	64.040
1945.444	65.360
1947.349	63.620
1949.254	62.960
1951.159	61.940
1953.062	63.920
1954.965	60.800
1956.868	62.420
1958.770	62.600
1960.672	62.120
1962.573	61.220
1964.474	61.820
1966.374	62.840
1968.273	62.000
1970.172	64.340
1972.071	61.400
1973.969	62.660
1975.866	62.240
1977.763	62.300
1979.660	62.540
1981.556	63.380
1983.451	61.520
1985.346	61.580
1987.240	62.960
1989.134	62.900
1991.027	61.640
1992.920	61.760
1994.813	61.820
1996.704	64.100
1998.596	64.640
2000.486	63.320
2002.376	63.260
2004.266	61.700
2006.155	60.680
2008.044	63.260
2009.932	60.800
2011.820	59.600
2013.707	58.880
2015.593	58.100
2017.479	59.060
2019.365	58.220
2021.250	59.720
2023.135	57.080
2025.019	58.400
2026.902	58.640
2028.785	57.740
2030.668	56.780
2032.549	57.380
2034.431	57.980
2036.312	57.200
2038.192	56.300
2040.072	58.520
2041.952	57.200
2043.830	57.080
2045.709	57.740
2047.587	57.320
2049.464	56.840
2051.341	58.160
2053.217	56.600
2055.093	57.560
2056.968	56.960
2058.843	55.700
2060.717	56.540
2062.591	55.280
2064.464	57.260
2066.337	56.840
2068.209	56.360
2070.081	57.500
2071.952	56.240
2073.823	57.980
2075.693	57.860
2077.562	57.680
2079.432	57.500
2081.300	56.360
2083.168	57.800
2085.036	57.260
2086.903	57.440
2088.770	56.420
2090.636	57.140
2092.501	56.300
2094.367	57.020
2096.231	55.640
2098.095	56.660
2099.959	57.500
2101.822	57.140
2103.684	56.420
2105.546	57.380
2107.408	55.880
2109.269	55.820
2111.130	55.700
2112.990	58.160
2114.849	56.240
2116.708	56.180
2118.567	55.520
2120.425	57.740
2122.282	55.520
2124.139	56.960
2125.996	55.400
2127.852	55.220
2129.707	57.740
2131.562	53.900
2133.416	55.280
2135.270	54.320
2137.124	55.940
2138.977	55.940
2140.829	56.900
2142.681	55.880
2144.533	56.840
2146.384	56.180
2148.234	56.900
2150.084	57.260
2151.934	55.820
2153.783	57.080
2155.631	54.800
2157.479	56.420
2159.326	54.560
2161.173	57.080
2163.020	54.740
2164.866	57.620
2166.711	55.220
2168.556	56.000
2170.401	55.100
2172.245	53.840
2174.088	56.000
2175.931	55.100
2177.773	54.800
2179.615	54.140
2181.457	53.600
2183.298	53.720
2185.138	55.220
2186.978	52.940
2188.818	52.100
2190.657	54.500
2192.495	52.040
2194.333	52.100
2196.171	52.460
2198.008	54.200
2199.844	53.060
2201.680	53.840
2203.516	51.500
2205.351	53.300
2207.185	54.500
2209.019	51.500
2210.853	53.120
2212.686	52.520
2214.518	52.880
2216.350	52.580
2218.182	53.480
2220.013	53.120
2221.844	52.940
2223.674	53.480
2225.503	53.240
2227.332	52.640
2229.161	52.280
2230.989	52.280
2232.817	52.340
2234.644	53.720
2236.470	53.000
2238.296	53.240
2240.122	51.380
2241.947	52.040
2243.772	53.000
2245.596	52.520
2247.420	50.780
2249.243	51.440
2251.066	53.420
2252.888	51.740
2254.709	51.620
2256.531	50.600
2258.351	52.820
2260.172	51.980
2261.991	50.540
2263.811	51.320
2265.629	52.040
2267.448	51.080
2269.265	52.220
2271.083	50.600
2272.900	51.680
2274.716	51.380
2276.532	51.440
2278.347	51.020
2280.162	51.500
2281.976	50.480
2283.790	51.020
2285.604	50.780
2287.417	48.920
2289.229	49.460
2291.041	50.240
2292.852	50.000
2294.663	51.320
2296.474	49.760
2298.284	51.080
2300.093	51.320
2301.903	50.660
2303.711	51.260
2305.519	51.320
2307.327	51.140
2309.134	50.960
2310.940	51.680
2312.747	51.200
2314.552	50.840
2316.357	51.080
2318.162	50.660
2319.966	48.920
2321.770	52.040
2323.573	49.760
