-1.50000000000	-0.00000242050	0.00005660000
-1.47000000000	-0.00000641250	0.00006188333
-1.47000000000	-0.00000072250	-0.00000261667
-1.44000000000	-0.00000455600	0.00013005000
-1.44000000000	-0.00000080100	0.00000316667
-1.41000000000	-0.00000065450	0.00000400500
-1.41000000000	-0.00000070600	-0.00004471667
-1.38000000000	-0.00000053435	0.00000264333
-1.38000000000	-0.00000204750	0.00000805000
-1.35000000000	-0.00000045505	0.00000135167
-1.35000000000	-0.00000180600	0.00000328333
-1.32000000000	-0.00000041450	-0.00001561667
-1.32000000000	-0.00000170750	-0.00001036667
-1.29000000000	-0.00000088300	-0.00000851667
-1.29000000000	-0.00000201850	0.00000995000
-1.26000000000	-0.00000113850	0.00000630000
-1.26000000000	-0.00000172000	0.00000318333
-1.23000000000	-0.00000094950	0.00000643333
-1.23000000000	-0.00000162450	0.00000238333
-1.20000000000	-0.00000075650	0.00000063667
-1.20000000000	-0.00000155300	0.00000205000
-1.17000000000	-0.00000073740	0.00000215667
-1.17000000000	-0.00000149150	-0.00000005000
-1.14000000000	-0.00000067270	0.00000247167
-1.14000000000	-0.00000149300	0.00000470000
-1.11000000000	-0.00000059855	-0.00000092333
-1.11000000000	-0.00000135200	0.00000370000
-1.08000000000	-0.00000062625	0.00000185000
-1.08000000000	-0.00000124100	0.00000128333
-1.05000000000	-0.00000057075	0.00000103333
-1.05000000000	-0.00000120250	-0.00000020000
-1.02000000000	-0.00000053975	0.00000268667
-1.02000000000	-0.00000120850	0.00000436667
-0.99000000000	-0.00000045915	0.00000067000
-0.99000000000	-0.00000107750	0.00000271667
-0.96000000000	-0.00000043905	-0.00000007833
-0.96000000000	-0.00000099600	-0.00000170000
-0.93000000000	-0.00000044140	-0.00001765333
-0.93000000000	-0.00000104700	-0.00000130000
-0.90000000000	-0.00000097100	0.00001026667
-0.90000000000	-0.00000108600	0.00000415000
-0.87000000000	-0.00000066300	0.00000196167
-0.87000000000	-0.00000096150	0.00000200000
-0.84000000000	-0.00000060415	-0.00000157167
-0.84000000000	-0.00000090150	-0.00000050000
-0.81000000000	-0.00000065130	0.00000250333
-0.81000000000	-0.00000091650	0.00000460000
-0.78000000000	-0.00000057620	0.00000117000
-0.78000000000	-0.00000077850	0.00000140000
-0.75000000000	-0.00000054110	0.00000282167
-0.75000000000	-0.00000073650	-0.00000196667
-0.72000000000	-0.00000045645	0.00000102833
-0.72000000000	-0.00000079550	-0.00000013333
-0.69000000000	-0.00000042560	0.00000165500
-0.69000000000	-0.00000079950	0.00000200000
-0.66000000000	-0.00000037595	-0.00000236667
-0.66000000000	-0.00000073950	0.00000231667
-0.63000000000	-0.00000044695	0.00000357500
-0.63000000000	-0.00000067000	0.00000518833
-0.60000000000	-0.00000033970	0.00000204000
-0.60000000000	-0.00000051435	-0.00000279167
-0.57000000000	-0.00000027850	0.00000007667
-0.57000000000	-0.00000059810	0.00000216833
-0.54000000000	-0.00000027620	0.00000059333
-0.54000000000	-0.00000053305	0.00000059000
-0.51000000000	-0.00000025840	0.00000090667
-0.51000000000	-0.00000051535	0.00000344333
-0.48000000000	-0.00000023120	0.00000165167
-0.48000000000	-0.00000041205	-0.00000373667
-0.45000000000	-0.00000018165	-0.00000052833
-0.45000000000	-0.00000052415	0.00000122833
-0.42000000000	-0.00000019750	0.00000194333
-0.42000000000	-0.00000048730	-0.00000148333
-0.39000000000	-0.00000013920	-0.00000016333
-0.39000000000	-0.00000053180	0.00000415833
-0.36000000000	-0.00000014410	0.00000120333
-0.36000000000	-0.00000040705	0.00000256833
-0.33000000000	-0.00000010800	0.00000045500
-0.33000000000	-0.00000033000	-0.00000025667
-0.30000000000	-0.00000009435	0.00000077167
-0.30000000000	-0.00000033770	0.00000055333
-0.27000000000	-0.00000007120	-0.00000008317
-0.27000000000	-0.00000032110	0.00000136167
-0.24000000000	-0.00000007369	-0.00000008683
-0.24000000000	-0.00000028025	0.00000156833
-0.21000000000	-0.00000007630	0.00000050783
-0.21000000000	-0.00000023320	0.00000209167
-0.18000000000	-0.00000006106	0.00000049217
-0.18000000000	-0.00000017045	0.00000045833
-0.15000000000	-0.00000004630	0.00000039200
-0.15000000000	-0.00000015670	0.00000103333
-0.12000000000	-0.00000003454	0.00000047433
-0.12000000000	-0.00000012570	0.00000127833
-0.09000000000	-0.00000002031	0.00000017317
-0.09000000000	-0.00000008735	0.00000123050
-0.06000000000	-0.00000001512	0.00000025167
-0.06000000000	-0.00000005044	0.00000109317
-0.03000000000	-0.00000000757	0.00000025400
-0.03000000000	-0.00000001764	0.00000125817
0.00000000000	0.00000000005	-0.00000000200
0.00000000000	0.00000002011	0.00000125317
0.03000000000	-0.00000000000	0.00000014417
0.03000000000	0.00000005770	0.00000138667
0.06000000000	0.00000000432	0.00000016400
0.06000000000	0.00000009930	0.00000024333
0.09000000000	0.00000000924	0.00000013650
0.09000000000	0.00000010660	0.00000214500
0.12000000000	0.00000001333	0.00000014433
0.12000000000	0.00000017095	-0.00000082167
0.15000000000	0.00000001766	0.00000011450
0.15000000000	0.00000014630	0.00000106000
0.18000000000	0.00000002110	0.00000011783
0.18000000000	0.00000017810	0.00000049833
0.21000000000	0.00000002463	0.00000027333
0.21000000000	0.00000019305	0.00000157667
0.24000000000	0.00000003284	0.00000000750
0.24000000000	0.00000024035	-0.00000101833
0.27000000000	0.00000003306	0.00000049617
0.27000000000	0.00000020980	0.00000274667
0.30000000000	0.00000004794	0.00000010183
0.30000000000	0.00000029220	0.00000030500
0.33000000000	0.00000005100	0.00000030500
0.33000000000	0.00000030135	-0.00000011833
0.36000000000	0.00000006015	0.00000011167
0.36000000000	0.00000029780	0.00000230667
0.39000000000	0.00000006350	-0.00000014167
0.39000000000	0.00000036700	0.00000254333
0.42000000000	0.00000005925	0.00000063000
0.42000000000	0.00000044330	-0.00000044500
0.45000000000	0.00000007815	0.00000025333
0.45000000000	0.00000042995	0.00000144833
0.48000000000	0.00000008575	0.00000013000
0.48000000000	0.00000047340	-0.00000003167
0.51000000000	0.00000008965	-0.00000018333
0.51000000000	0.00000047245	0.00000619667
0.54000000000	0.00000008415	0.00000049333
0.54000000000	0.00000065835	-0.00000134167
0.57000000000	0.00000009895	0.00000041333
0.57000000000	0.00000061810	0.00000584667
0.60000000000	0.00000011135	0.00000000333
0.60000000000	0.00000079350	-0.00000668333
0.63000000000	0.00000011145	0.00000014333
0.63000000000	0.00000059300	0.00000356667
0.66000000000	0.00000011575	0.00000024833
0.66000000000	0.00000070000	0.00000595000
0.69000000000	0.00000012320	-0.00000010333
0.69000000000	0.00000087850	0.00000036667
0.72000000000	0.00000012010	0.00000162333
0.72000000000	0.00000088950	0.00000193333
0.75000000000	0.00000016880	-0.00000024833
0.75000000000	0.00000094750	0.00000343333
0.78000000000	0.00000016135	0.00000058667
0.78000000000	0.00000105050	-0.00000750000
0.81000000000	0.00000017895	0.00000208333
0.81000000000	0.00000082550	0.00000421667
0.84000000000	0.00000024145	-0.00000037000
0.84000000000	0.00000095200	0.00000046667
0.87000000000	0.00000023035	0.00000130833
0.87000000000	0.00000096600	0.00000665000
0.90000000000	0.00000026960	0.00000294000
0.90000000000	0.00000116550	-0.00000040000
0.93000000000	0.00000035780	-0.00000132833
0.93000000000	0.00000115350	0.00000123333
0.96000000000	0.00000031795	0.00000112000
0.96000000000	0.00000119050	0.00000343333
0.99000000000	0.00000035155	-0.00000126667
0.99000000000	0.00000129350	-0.00000093333
1.02000000000	0.00000031355	0.00000249667
1.02000000000	0.00000126550	0.00001323333
1.05000000000	0.00000038845	0.00000220167
1.05000000000	0.00000166250	-0.00000186667
1.08000000000	0.00000045450	-0.00000001667
1.08000000000	0.00000160650	0.00011396667
1.11000000000	0.00000045400	0.00000100000
1.11000000000	0.00000502550	0.00002711667
1.14000000000	0.00000048400	0.00000378333
1.14000000000	0.00000583900	0.00003783333
1.17000000000	0.00000059750	0.00000196667
1.17000000000	0.00000697400	0.00004648333
1.20000000000	0.00000065650	0.00000450000
1.20000000000	0.00000836850	-0.00007628333
1.23000000000	0.00000079150	0.00001183333
1.23000000000	0.00000608000	-0.00016905000
1.26000000000	0.00000114650	-0.00001885000
1.26000000000	0.00000100850	0.00000423333
1.29000000000	0.00000058100	0.00000410000
1.29000000000	0.00000113550	-0.00000626667
1.32000000000	0.00000070400	-0.00000296667
1.32000000000	0.00000094750	0.00006308333
1.35000000000	0.00000061500	0.00000556667
1.35000000000	0.00000284000	-0.00004203333
1.38000000000	0.00000078200	0.00000388333
1.38000000000	0.00000157900	0.00000366667
1.41000000000	0.00000089850	0.00000106667
1.41000000000	0.00000168900	0.00001521667
1.44000000000	0.00000093050	0.00000096667
1.44000000000	0.00000214550	-0.00001275000
1.47000000000	0.00000095950	0.00001268333
1.47000000000	0.00000176300	-0.00005876667
1.50000000000	0.00000134000	-0.00004466667
