-1.50000000000	-0.00000063550	-0.00001945000
-1.47000000000	-0.00000078850	-0.00000078333
-1.47000000000	-0.00000121900	0.00001255000
-1.44000000000	-0.00000081200	-0.00004466667
-1.44000000000	-0.00000084250	-0.00002270000
-1.41000000000	-0.00000215200	-0.00000426667
-1.41000000000	-0.00000152350	0.00000175000
-1.38000000000	-0.00000228000	0.00005406667
-1.38000000000	-0.00000147100	0.00000551667
-1.35000000000	-0.00000065800	-0.00000060333
-1.35000000000	-0.00000130550	-0.00000510000
-1.32000000000	-0.00000067610	-0.00004759667
-1.32000000000	-0.00000145850	0.00001200000
-1.29000000000	-0.00000210400	0.00001050000
-1.29000000000	-0.00000109850	0.00000540000
-1.26000000000	-0.00000178900	-0.00000038333
-1.26000000000	-0.00000093650	0.00000548333
-1.23000000000	-0.00000180050	0.00000290000
-1.23000000000	-0.00000077200	-0.00000736667
-1.20000000000	-0.00000171350	0.00000546667
-1.20000000000	-0.00000099300	0.00000263333
-1.17000000000	-0.00000154950	-0.00000020000
-1.17000000000	-0.00000091400	-0.00000006667
-1.14000000000	-0.00000155550	0.00000895000
-1.14000000000	-0.00000091600	-0.00000503333
-1.11000000000	-0.00000128700	0.00000505000
-1.11000000000	-0.00000106700	0.00001451667
-1.08000000000	-0.00000113550	0.00000186667
-1.08000000000	-0.00000063150	-0.00000786667
-1.05000000000	-0.00000107950	0.00000620000
-1.05000000000	-0.00000086750	0.00000918333
-1.02000000000	-0.00000089350	-0.00000246333
-1.02000000000	-0.00000059200	0.00000270000
-0.99000000000	-0.00000096740	0.00000056333
-0.99000000000	-0.00000051100	0.00000086500
-0.96000000000	-0.00000095050	0.00000428333
-0.96000000000	-0.00000048505	0.00000305167
-0.93000000000	-0.00000082200	0.00002201667
-0.93000000000	-0.00000039350	-0.00000615000
-0.90000000000	-0.00000016150	0.00000076667
-0.90000000000	-0.00000057800	0.00000155000
-0.87000000000	-0.00000013850	0.00000029000
-0.87000000000	-0.00000053150	0.00000625667
-0.84000000000	-0.00000012980	-0.00000195167
-0.84000000000	-0.00000034380	0.00000120333
-0.81000000000	-0.00000018835	0.00000030667
-0.81000000000	-0.00000030770	0.00000096500
-0.78000000000	-0.00000017915	-0.00000104667
-0.78000000000	-0.00000027875	0.00000027500
-0.75000000000	-0.00000021055	0.00000087667
-0.75000000000	-0.00000027050	0.00000026667
-0.72000000000	-0.00000018425	0.00000207833
-0.72000000000	-0.00000026250	0.00000022667
-0.69000000000	-0.00000012190	-0.00000015667
-0.69000000000	-0.00000025570	0.00000161333
-0.66000000000	-0.00000012660	0.00000030833
-0.66000000000	-0.00000020730	-0.00000162500
-0.63000000000	-0.00000011735	0.00000117333
-0.63000000000	-0.00000025605	0.00000094167
-0.60000000000	-0.00000008215	0.00000002500
-0.60000000000	-0.00000022780	0.00000168667
-0.57000000000	-0.00000008140	-0.00000045000
-0.57000000000	-0.00000017720	0.00000107500
-0.54000000000	-0.00000009490	0.00000063833
-0.54000000000	-0.00000014495	0.00000052167
-0.51000000000	-0.00000007575	0.00000049167
-0.51000000000	-0.00000012930	-0.00000134333
-0.48000000000	-0.00000006100	0.00000015333
-0.48000000000	-0.00000016960	0.00000251667
-0.45000000000	-0.00000005640	-0.00000002500
-0.45000000000	-0.00000009410	-0.00000054000
-0.42000000000	-0.00000005715	-0.00000062833
-0.42000000000	-0.00000011030	0.00000050833
-0.39000000000	-0.00000007600	0.00000073183
-0.39000000000	-0.00000009505	0.00000049833
-0.36000000000	-0.00000005404	0.00000007567
-0.36000000000	-0.00000008010	0.00000030167
-0.33000000000	-0.00000005177	0.00000029967
-0.33000000000	-0.00000007105	0.00000041833
-0.30000000000	-0.00000004279	0.00000013100
-0.30000000000	-0.00000005850	0.00000034250
-0.27000000000	-0.00000003885	0.00000014700
-0.27000000000	-0.00000004822	0.00000017917
-0.24000000000	-0.00000003445	0.00000032867
-0.24000000000	-0.00000004285	0.00000030350
-0.21000000000	-0.00000002459	0.00000009200
-0.21000000000	-0.00000003375	0.00000021133
-0.18000000000	-0.00000002182	0.00000010133
-0.18000000000	-0.00000002740	0.00000010300
-0.15000000000	-0.00000001878	0.00000012433
-0.15000000000	-0.00000002431	0.00000013033
-0.12000000000	-0.00000001506	0.00000011400
-0.12000000000	-0.00000002040	0.00000013633
-0.09000000000	-0.00000001163	0.00000014150
-0.09000000000	-0.00000001632	0.00000028483
-0.06000000000	-0.00000000739	0.00000009967
-0.06000000000	-0.00000000777	0.00000016883
-0.03000000000	-0.00000000440	0.00000015000
-0.03000000000	-0.00000000271	0.00000018500
0.00000000000	0.00000000010	-0.00000000133
0.00000000000	0.00000000284	0.00000026450
0.03000000000	0.00000000006	0.00000326467
0.03000000000	0.00000001078	0.00000010933
0.06000000000	0.00000009800	0.00000323000
0.06000000000	0.00000001406	0.00000044583
0.09000000000	0.00000019490	0.00000282333
0.09000000000	0.00000002744	-0.00000005800
0.12000000000	0.00000027960	0.00000324167
0.12000000000	0.00000002569	0.00000025150
0.15000000000	0.00000037685	0.00000233500
0.15000000000	0.00000003324	0.00000018567
0.18000000000	0.00000044690	0.00000370833
0.18000000000	0.00000003881	0.00000019900
0.21000000000	0.00000055815	0.00000244333
0.21000000000	0.00000004478	0.00000034733
0.24000000000	0.00000063145	0.00000144167
0.24000000000	0.00000005520	0.00000002167
0.27000000000	0.00000067470	0.00000782667
0.27000000000	0.00000005585	-0.00000026633
0.30000000000	0.00000090950	0.00000328333
0.30000000000	0.00000004786	0.00000128633
0.33000000000	0.00000100800	0.00000248333
0.33000000000	0.00000008645	0.00000053167
0.36000000000	0.00000108250	0.00000313333
0.36000000000	0.00000010240	-0.00000114500
0.39000000000	0.00000117650	-0.00000313333
0.39000000000	0.00000006805	0.00000022333
0.42000000000	0.00000108250	0.00000011667
0.42000000000	0.00000007475	0.00000047333
0.45000000000	0.00000108600	0.00000090000
0.45000000000	0.00000008895	0.00000012833
0.48000000000	0.00000111300	0.00000840000
0.48000000000	0.00000009280	0.00000015833
0.51000000000	0.00000136500	-0.00000395000
0.51000000000	0.00000009755	0.00000012333
0.54000000000	0.00000124650	0.00000408333
0.54000000000	0.00000010125	-0.00000010500
0.57000000000	0.00000136900	0.00000586667
0.57000000000	0.00000009810	0.00000064333
0.60000000000	0.00000154500	0.00000525000
0.60000000000	0.00000011740	0.00000076000
0.63000000000	0.00000170250	0.00002375000
0.63000000000	0.00000014020	0.00000046167
0.66000000000	0.00000241500	-0.00000360000
0.66000000000	0.00000015405	0.00000039500
0.69000000000	0.00000230700	-0.00000855000
0.69000000000	0.00000016590	0.00000023500
0.72000000000	0.00000205050	0.00001455000
0.72000000000	0.00000017295	0.00000103667
0.75000000000	0.00000248700	0.00000200000
0.75000000000	0.00000020405	-0.00000013333
0.78000000000	0.00000254700	0.00000171667
0.78000000000	0.00000020005	0.00000101667
0.81000000000	0.00000259850	-0.00000558333
0.81000000000	0.00000023055	0.00000003333
0.84000000000	0.00000243100	0.00001640000
0.84000000000	0.00000023155	0.00000107333
0.87000000000	0.00000292300	-0.00003478333
0.87000000000	0.00000026375	-0.00000111333
0.90000000000	0.00000187950	-0.00000518333
0.90000000000	0.00000023035	0.00000244167
0.93000000000	0.00000172400	0.00002483333
0.93000000000	0.00000030360	0.00000036833
0.96000000000	0.00000246900	0.00001443333
0.96000000000	0.00000031465	0.00000263333
0.99000000000	0.00000290200	-0.00001935000
0.99000000000	0.00000039365	0.00000113167
1.02000000000	0.00000232150	0.00000078333
1.02000000000	0.00000042760	0.00004214667
1.05000000000	0.00000234500	0.00003496667
1.05000000000	0.00000169200	0.00003031667
1.08000000000	0.00000339400	-0.00001081667
1.08000000000	0.00000260150	-0.00002456667
1.11000000000	0.00000306950	-0.00000688333
1.11000000000	0.00000186450	0.00002376667
1.14000000000	0.00000286300	-0.00001488333
1.14000000000	0.00000257750	0.00003166667
1.17000000000	0.00000241650	-0.00000113333
1.17000000000	0.00000352750	-0.00003086667
1.20000000000	0.00000238250	0.00002358333
1.20000000000	0.00000260150	0.00002615000
1.23000000000	0.00000309000	0.00000153333
1.23000000000	0.00000338600	-0.00001078333
1.26000000000	0.00000313600	-0.00000030000
1.26000000000	0.00000306250	0.00004146667
1.29000000000	0.00000312700	-0.00001695000
1.29000000000	0.00000430650	-0.00007563333
1.32000000000	0.00000261850	0.00014665000
1.32000000000	0.00000203750	0.00000388333
1.35000000000	0.00000701800	0.00008640000
1.35000000000	0.00000215400	0.00013153333
1.38000000000	0.00000961000	-0.00000338333
1.38000000000	0.00000610000	0.00001470000
1.41000000000	0.00000950850	0.00001088333
1.41000000000	0.00000654100	-0.00010465000
1.44000000000	0.00000983500	-0.00000606667
1.44000000000	0.00000340150	0.00004698333
1.47000000000	0.00000965300	-0.00009681667
1.47000000000	0.00000481100	-0.00016036667
1.50000000000	0.00000674850	-0.00022495000
